"Time","Fase C"
2025-01-01 00:00:00,0.470
2025-01-01 00:15:00,0.507
2025-01-01 00:30:00,0.582
2025-01-01 00:45:00,0.478
2025-01-01 01:00:00,0.467
2025-01-01 01:15:00,0.502
2025-01-01 01:30:00,0.502
2025-01-01 01:45:00,0.472
2025-01-01 02:00:00,0.597
2025-01-01 02:15:00,0.545
2025-01-01 02:30:00,0.485
2025-01-01 02:45:00,0.550
2025-01-01 03:00:00,0.557
2025-01-01 03:15:00,0.453
2025-01-01 03:30:00,0.554
2025-01-01 03:45:00,0.700
2025-01-01 04:00:00,0.523
2025-01-01 04:15:00,0.410
2025-01-01 04:30:00,0.630
2025-01-01 05:15:00,0.535
2025-01-01 06:15:00,0.525
2025-01-01 06:30:00,0.459
2025-01-01 06:45:00,0.567
2025-01-01 07:00:00,0.603
2025-01-01 07:15:00,0.560
2025-01-01 07:30:00,0.452
2025-01-01 07:45:00,0.500
2025-01-01 08:00:00,0.533
2025-01-01 08:15:00,0.487
2025-01-01 08:30:00,0.568
2025-01-01 08:45:00,0.614
2025-01-01 09:00:00,0.565
2025-01-01 09:15:00,0.397
2025-01-01 09:30:00,0.414
2025-01-01 09:45:00,0.527
2025-01-01 10:00:00,0.580
2025-01-01 10:15:00,0.513
2025-01-01 10:30:00,0.588
2025-01-01 10:45:00,0.557
2025-01-01 11:00:00,0.479
2025-01-01 11:15:00,0.461
2025-01-01 11:30:00,0.451
2025-01-01 11:45:00,0.631
2025-01-01 12:00:00,0.438
2025-01-01 12:15:00,0.496
2025-01-01 12:30:00,0.540
2025-01-01 12:45:00,0.533
2025-01-01 13:00:00,0.431
2025-01-01 13:15:00,0.516
2025-01-01 13:30:00,0.509
2025-01-01 13:45:00,0.421
2025-01-01 14:00:00,0.508
2025-01-01 14:15:00,0.507
2025-01-01 14:30:00,0.431
2025-01-01 14:45:00,0.473
2025-01-01 15:00:00,0.474
2025-01-01 15:15:00,0.480
2025-01-01 15:30:00,0.377
2025-01-01 15:45:00,0.466
2025-01-01 16:00:00,0.540
2025-01-01 16:15:00,0.455
2025-01-01 16:30:00,0.484
2025-01-01 16:45:00,0.521
2025-01-01 17:00:00,0.444
2025-01-01 17:15:00,0.400
2025-01-01 17:30:00,0.459
2025-01-01 17:45:00,0.488
2025-01-01 18:00:00,0.443
2025-01-01 18:15:00,0.486
2025-01-01 18:30:00,0.540
2025-01-01 18:45:00,0.465
2025-01-01 19:00:00,0.364
2025-01-01 19:15:00,0.470
2025-01-01 19:30:00,0.451
2025-01-01 19:45:00,0.465
2025-01-01 20:00:00,0.428
2025-01-01 20:15:00,0.453
2025-01-01 20:30:00,0.332
2025-01-01 20:45:00,0.351
2025-01-01 21:00:00,0.400
2025-01-01 21:15:00,0.380
2025-01-01 21:30:00,0.434
2025-01-01 21:45:00,0.470
2025-01-01 22:00:00,0.500
2025-01-01 22:15:00,0.449
2025-01-01 22:30:00,0.494
2025-01-01 22:45:00,0.421
2025-01-01 23:00:00,0.473
2025-01-01 23:15:00,0.471
2025-01-01 23:30:00,0.486
2025-01-01 23:45:00,0.547
2025-01-02 00:00:00,0.579
2025-01-02 00:15:00,0.498
2025-01-02 00:30:00,0.468
2025-01-02 00:45:00,0.488
2025-01-02 01:00:00,0.469
2025-01-02 01:15:00,0.540
2025-01-02 01:30:00,0.513
2025-01-02 01:45:00,0.585
2025-01-02 02:00:00,0.430
2025-01-02 02:15:00,0.422
2025-01-02 02:30:00,0.459
2025-01-02 02:45:00,0.458
2025-01-02 03:00:00,0.502
2025-01-02 03:15:00,0.566
2025-01-02 03:30:00,0.516
2025-01-02 03:45:00,0.445
2025-01-02 04:00:00,0.390
2025-01-02 04:15:00,0.405
2025-01-02 04:30:00,0.487
2025-01-02 04:45:00,0.598
2025-01-02 05:00:00,0.537
2025-01-02 05:15:00,0.479
2025-01-02 05:30:00,0.499
2025-01-02 05:45:00,0.467
2025-01-02 06:00:00,0.504
2025-01-02 06:15:00,0.661
2025-01-02 06:30:00,0.533
2025-01-02 06:45:00,0.0811
2025-01-02 07:00:00,-0.55
2025-01-02 07:15:00,-0.60
2025-01-02 07:30:00,-0.40
2025-01-02 07:45:00,-0.22
2025-01-02 08:00:00,-0.28
2025-01-02 08:15:00,-0.30
2025-01-02 08:30:00,0.664
2025-01-02 08:45:00,0.578
2025-01-02 09:00:00,0.578
2025-01-02 09:15:00,0.487
2025-01-02 09:30:00,0.663
2025-01-02 09:45:00,0.833
2025-01-02 10:00:00,0.687
2025-01-02 10:15:00,0.621
2025-01-02 10:30:00,0.859
2025-01-02 10:45:00,0.899
2025-01-02 11:00:00,0.796
2025-01-02 11:15:00,0.774
2025-01-02 11:30:00,0.853
2025-01-02 11:45:00,1.10
2025-01-02 12:00:00,1.06
2025-01-02 12:15:00,0.917
2025-01-02 12:30:00,0.987
2025-01-02 12:45:00,1.00
2025-01-02 13:00:00,1.52
2025-01-02 13:15:00,1.45
2025-01-02 13:30:00,1.53
2025-01-02 13:45:00,1.46
2025-01-02 14:00:00,1.31
2025-01-02 14:15:00,1.37
2025-01-02 14:30:00,1.52
2025-01-02 14:45:00,1.37
2025-01-02 15:00:00,1.44
2025-01-02 15:15:00,1.34
2025-01-02 15:30:00,1.24
2025-01-02 15:45:00,1.15
2025-01-02 16:00:00,1.31
2025-01-02 16:15:00,1.37
2025-01-02 16:30:00,1.23
2025-01-02 16:45:00,1.35
2025-01-02 17:00:00,1.45
2025-01-02 17:15:00,1.37
2025-01-02 17:30:00,1.39
2025-01-02 17:45:00,0.906
2025-01-02 18:00:00,0.526
2025-01-02 18:15:00,0.388
2025-01-02 18:30:00,0.401
2025-01-02 18:45:00,0.476
2025-01-02 19:00:00,0.374
2025-01-02 19:15:00,0.429
2025-01-02 19:30:00,0.446
2025-01-02 19:45:00,0.448
2025-01-02 20:00:00,0.408
2025-01-02 20:15:00,0.328
2025-01-02 20:30:00,0.368
2025-01-02 20:45:00,0.451
2025-01-02 21:00:00,0.329
2025-01-02 21:15:00,0.428
2025-01-02 21:30:00,0.487
2025-01-02 21:45:00,0.470
2025-01-02 22:00:00,0.469
2025-01-02 22:15:00,0.508
2025-01-02 22:30:00,0.478
2025-01-02 22:45:00,0.384
2025-01-02 23:00:00,0.443
2025-01-02 23:15:00,0.455
2025-01-02 23:30:00,0.471
2025-01-02 23:45:00,0.531
2025-01-03 00:00:00,0.359
2025-01-03 00:15:00,0.411
2025-01-03 00:30:00,0.484
2025-01-03 00:45:00,0.387
2025-01-03 01:00:00,0.431
2025-01-03 01:15:00,0.685
2025-01-03 01:30:00,0.525
2025-01-03 01:45:00,0.464
2025-01-03 02:00:00,0.424
2025-01-03 02:15:00,0.496
2025-01-03 02:30:00,0.474
2025-01-03 02:45:00,0.516
2025-01-03 03:00:00,0.443
2025-01-03 03:15:00,0.401
2025-01-03 03:30:00,0.372
2025-01-03 03:45:00,0.349
2025-01-03 04:00:00,0.424
2025-01-03 04:15:00,0.474
2025-01-03 04:30:00,0.507
2025-01-03 04:45:00,0.395
2025-01-03 05:00:00,0.477
2025-01-03 05:15:00,0.378
2025-01-03 05:30:00,0.454
2025-01-03 05:45:00,0.484
2025-01-03 06:00:00,0.617
2025-01-03 06:15:00,0.582
2025-01-03 06:30:00,0.807
2025-01-03 06:45:00,1.63
2025-01-03 07:00:00,1.57
2025-01-03 07:15:00,1.56
2025-01-03 07:30:00,1.91
2025-01-03 07:45:00,1.91
2025-01-03 08:00:00,1.70
2025-01-03 08:15:00,1.85
2025-01-03 08:30:00,1.67
2025-01-03 08:45:00,1.54
2025-01-03 09:00:00,1.43
2025-01-03 09:15:00,1.56
2025-01-03 09:30:00,1.62
2025-01-03 09:45:00,1.67
2025-01-03 10:00:00,1.65
2025-01-03 10:15:00,1.67
2025-01-03 10:30:00,1.67
2025-01-03 10:45:00,1.66
2025-01-03 11:00:00,1.77
2025-01-03 11:15:00,1.70
2025-01-03 11:30:00,1.67
2025-01-03 11:45:00,1.74
2025-01-03 12:00:00,1.73
2025-01-03 12:15:00,2.01
2025-01-03 12:30:00,2.04
2025-01-03 12:45:00,1.69
2025-01-03 13:00:00,1.79
2025-01-03 13:15:00,1.46
2025-01-03 13:30:00,1.59
2025-01-03 13:45:00,1.61
2025-01-03 14:00:00,1.52
2025-01-03 14:15:00,1.63
2025-01-03 14:30:00,1.62
2025-01-03 14:45:00,1.68
2025-01-03 15:00:00,1.58
2025-01-03 15:15:00,1.55
2025-01-03 15:30:00,1.71
2025-01-03 15:45:00,1.67
2025-01-03 16:00:00,1.65
2025-01-03 16:15:00,1.67
2025-01-03 16:30:00,1.76
2025-01-03 16:45:00,1.69
2025-01-03 17:00:00,1.63
2025-01-03 17:15:00,1.63
2025-01-03 17:30:00,1.33
2025-01-03 17:45:00,0.418
2025-01-03 18:00:00,0.363
2025-01-03 18:15:00,0.504
2025-01-03 18:30:00,0.483
2025-01-03 18:45:00,0.387
2025-01-03 19:00:00,0.402
2025-01-03 19:15:00,0.439
2025-01-03 19:30:00,0.406
2025-01-03 19:45:00,0.413
2025-01-03 20:00:00,0.462
2025-01-03 20:15:00,0.404
2025-01-03 20:30:00,0.328
2025-01-03 20:45:00,0.364
2025-01-03 21:00:00,0.400
2025-01-03 21:15:00,0.438
2025-01-03 21:30:00,0.436
2025-01-03 21:45:00,0.432
2025-01-03 22:00:00,0.403
2025-01-03 22:15:00,0.360
2025-01-03 22:30:00,0.353
2025-01-03 22:45:00,0.538
2025-01-03 23:00:00,0.438
2025-01-03 23:15:00,0.433
2025-01-03 23:30:00,0.421
2025-01-03 23:45:00,0.444
2025-01-04 00:00:00,0.319
2025-01-04 00:15:00,0.423
2025-01-04 00:30:00,0.544
2025-01-04 00:45:00,0.474
2025-01-04 01:00:00,0.473
2025-01-04 01:15:00,0.489
2025-01-04 01:30:00,0.461
2025-01-04 01:45:00,0.442
2025-01-04 02:00:00,0.406
2025-01-04 02:15:00,0.551
2025-01-04 02:30:00,0.416
2025-01-04 02:45:00,0.411
2025-01-04 03:00:00,0.584
2025-01-04 03:15:00,0.564
2025-01-04 03:30:00,0.434
2025-01-04 03:45:00,0.506
2025-01-04 04:00:00,0.483
2025-01-04 04:15:00,0.390
2025-01-04 04:30:00,0.420
2025-01-04 04:45:00,0.570
2025-01-04 05:00:00,0.531
2025-01-04 05:15:00,0.486
2025-01-04 05:30:00,0.423
2025-01-04 05:45:00,0.488
2025-01-04 06:00:00,0.360
2025-01-04 06:15:00,0.442
2025-01-04 06:30:00,0.610
2025-01-04 06:45:00,0.612
2025-01-04 07:00:00,0.598
2025-01-04 07:15:00,0.466
2025-01-04 07:30:00,0.650
2025-01-04 07:45:00,0.672
2025-01-04 08:00:00,0.591
2025-01-04 08:15:00,0.585
2025-01-04 08:30:00,0.510
2025-01-04 08:45:00,0.518
2025-01-04 09:00:00,0.661
2025-01-04 09:15:00,0.632
2025-01-04 09:30:00,0.555
2025-01-04 09:45:00,0.568
2025-01-04 10:00:00,0.554
2025-01-04 10:15:00,0.470
2025-01-04 10:30:00,0.468
2025-01-04 10:45:00,0.738
2025-01-04 11:00:00,0.556
2025-01-04 11:15:00,0.513
2025-01-04 11:30:00,0.545
2025-01-04 11:45:00,0.553
2025-01-04 12:00:00,0.539
2025-01-04 12:15:00,0.661
2025-01-04 12:30:00,0.685
2025-01-04 12:45:00,0.537
2025-01-04 13:00:00,0.441
2025-01-04 13:15:00,0.535
2025-01-04 13:30:00,0.502
2025-01-04 13:45:00,1.25
2025-01-04 14:00:00,1.83
2025-01-04 14:15:00,1.92
2025-01-04 14:30:00,1.83
2025-01-04 14:45:00,1.75
2025-01-04 15:00:00,1.79
2025-01-04 15:15:00,1.79
2025-01-04 15:30:00,1.68
2025-01-04 15:45:00,1.69
2025-01-04 16:00:00,1.80
2025-01-04 16:15:00,1.69
2025-01-04 16:30:00,1.61
2025-01-04 16:45:00,1.68
2025-01-04 17:00:00,1.59
2025-01-04 17:15:00,1.44
2025-01-04 17:30:00,0.807
2025-01-04 17:45:00,0.391
2025-01-04 18:00:00,0.359
2025-01-04 18:15:00,0.461
2025-01-04 18:30:00,0.466
2025-01-04 18:45:00,0.377
2025-01-04 19:00:00,0.426
2025-01-04 19:15:00,0.442
2025-01-04 19:30:00,0.416
2025-01-04 19:45:00,0.410
2025-01-04 20:00:00,0.410
2025-01-04 20:15:00,0.512
2025-01-04 20:30:00,0.447
2025-01-04 20:45:00,0.365
2025-01-04 21:00:00,0.430
2025-01-04 21:15:00,0.512
2025-01-04 21:30:00,0.432
2025-01-04 21:45:00,0.394
2025-01-04 22:00:00,0.614
2025-01-04 22:15:00,0.395
2025-01-04 22:30:00,0.377
2025-01-04 22:45:00,0.483
2025-01-04 23:00:00,0.495
2025-01-04 23:15:00,0.397
2025-01-04 23:30:00,0.479
2025-01-04 23:45:00,0.519
2025-01-05 00:00:00,0.521
2025-01-05 00:15:00,0.464
2025-01-05 00:30:00,0.521
2025-01-05 00:45:00,0.491
2025-01-05 01:00:00,0.497
2025-01-05 01:15:00,0.450
2025-01-05 01:30:00,0.496
2025-01-05 01:45:00,0.567
2025-01-05 02:00:00,0.511
2025-01-05 02:15:00,0.435
2025-01-05 02:30:00,0.507
2025-01-05 02:45:00,0.470
2025-01-05 03:00:00,0.422
2025-01-05 03:15:00,0.569
2025-01-05 03:30:00,0.521
2025-01-05 03:45:00,0.444
2025-01-05 04:00:00,0.515
2025-01-05 04:15:00,0.561
2025-01-05 04:30:00,0.447
2025-01-05 04:45:00,0.467
2025-01-05 05:00:00,0.595
2025-01-05 05:15:00,0.505
2025-01-05 05:30:00,0.346
2025-01-05 05:45:00,0.434
2025-01-05 06:00:00,0.593
2025-01-05 06:15:00,0.516
2025-01-05 06:30:00,0.544
2025-01-05 06:45:00,0.439
2025-01-05 07:00:00,0.494
2025-01-05 07:15:00,0.525
2025-01-05 07:30:00,0.468
2025-01-05 07:45:00,0.428
2025-01-05 08:00:00,0.680
2025-01-05 08:15:00,0.460
2025-01-05 08:30:00,0.428
2025-01-05 08:45:00,0.484
2025-01-05 09:00:00,0.555
2025-01-05 09:15:00,0.447
2025-01-05 09:30:00,0.504
2025-01-05 09:45:00,0.599
2025-01-05 10:00:00,0.516
2025-01-05 10:15:00,0.496
2025-01-05 10:30:00,0.510
2025-01-05 10:45:00,0.489
2025-01-05 11:00:00,0.520
2025-01-05 11:15:00,0.415
2025-01-05 11:30:00,0.446
2025-01-05 11:45:00,0.599
2025-01-05 12:00:00,0.469
2025-01-05 12:15:00,0.478
2025-01-05 12:30:00,0.628
2025-01-05 12:45:00,0.472
2025-01-05 13:00:00,0.424
2025-01-05 13:15:00,0.473
2025-01-05 13:30:00,0.591
2025-01-05 13:45:00,0.432
2025-01-05 14:00:00,0.487
2025-01-05 14:15:00,0.425
2025-01-05 14:30:00,0.474
2025-01-05 14:45:00,0.447
2025-01-05 15:00:00,0.433
2025-01-05 15:15:00,0.554
2025-01-05 15:30:00,0.540
2025-01-05 15:45:00,0.376
2025-01-05 16:00:00,0.384
2025-01-05 16:15:00,0.479
2025-01-05 16:30:00,0.473
2025-01-05 16:45:00,0.377
2025-01-05 17:00:00,0.445
2025-01-05 17:15:00,0.477
2025-01-05 17:30:00,0.356
2025-01-05 17:45:00,0.396
2025-01-05 18:00:00,0.493
2025-01-05 18:15:00,0.362
2025-01-05 18:30:00,0.342
2025-01-05 18:45:00,0.392
2025-01-05 19:00:00,0.368
2025-01-05 19:15:00,0.411
2025-01-05 19:30:00,0.384
2025-01-05 19:45:00,0.515
2025-01-05 20:00:00,0.348
2025-01-05 20:15:00,0.293
2025-01-05 20:30:00,0.353
2025-01-05 20:45:00,0.349
2025-01-05 21:00:00,0.311
2025-01-05 21:15:00,0.505
2025-01-05 21:30:00,0.385
2025-01-05 21:45:00,0.308
2025-01-05 22:00:00,0.334
2025-01-05 22:15:00,0.388
2025-01-05 22:30:00,0.301
2025-01-05 22:45:00,0.420
2025-01-05 23:00:00,0.455
2025-01-05 23:15:00,0.404
2025-01-05 23:30:00,0.330
2025-01-05 23:45:00,0.330
2025-01-06 00:00:00,0.396
2025-01-06 00:15:00,0.500
2025-01-06 00:30:00,0.453
2025-01-06 00:45:00,0.383
2025-01-06 01:00:00,0.523
2025-01-06 01:15:00,0.379
2025-01-06 01:30:00,0.361
2025-01-06 01:45:00,0.494
2025-01-06 02:00:00,0.446
2025-01-06 02:15:00,0.407
2025-01-06 02:30:00,0.379
2025-01-06 02:45:00,0.450
2025-01-06 03:00:00,0.404
2025-01-06 03:15:00,0.447
2025-01-06 03:30:00,0.416
2025-01-06 03:45:00,0.430
2025-01-06 04:00:00,0.345
2025-01-06 04:15:00,0.391
2025-01-06 04:30:00,0.390
2025-01-06 04:45:00,0.437
2025-01-06 05:00:00,0.378
2025-01-06 05:15:00,0.455
2025-01-06 05:30:00,0.408
2025-01-06 05:45:00,0.370
2025-01-06 06:00:00,0.446
2025-01-06 06:15:00,0.480
2025-01-06 06:30:00,0.352
2025-01-06 06:45:00,-0.28
2025-01-06 07:00:00,0.542
2025-01-06 07:15:00,0.635
2025-01-06 07:30:00,1.65
2025-01-06 07:45:00,2.23
2025-01-06 08:00:00,1.76
2025-01-06 08:15:00,1.85
2025-01-06 08:30:00,1.80
2025-01-06 08:45:00,1.59
2025-01-06 09:00:00,1.46
2025-01-06 09:15:00,1.29
2025-01-06 09:30:00,1.42
2025-01-06 09:45:00,1.76
2025-01-06 10:00:00,1.64
2025-01-06 10:15:00,1.65
2025-01-06 10:30:00,1.48
2025-01-06 10:45:00,1.43
2025-01-06 11:00:00,1.38
2025-01-06 11:15:00,1.33
2025-01-06 11:30:00,1.57
2025-01-06 11:45:00,1.67
2025-01-06 12:00:00,2.02
2025-01-06 12:15:00,1.95
2025-01-06 12:30:00,1.91
2025-01-06 12:45:00,1.67
2025-01-06 13:00:00,2.05
2025-01-06 13:15:00,2.29
2025-01-06 13:30:00,1.96
2025-01-06 13:45:00,1.99
2025-01-06 14:00:00,1.07
2025-01-06 14:15:00,1.05
2025-01-06 14:30:00,1.19
2025-01-06 14:45:00,1.32
2025-01-06 15:00:00,1.40
2025-01-06 15:15:00,1.43
2025-01-06 15:30:00,1.31
2025-01-06 15:45:00,1.39
2025-01-06 16:00:00,1.37
2025-01-06 16:15:00,1.37
2025-01-06 16:30:00,1.61
2025-01-06 16:45:00,1.68
2025-01-06 17:00:00,1.49
2025-01-06 17:15:00,1.40
2025-01-06 17:30:00,1.39
2025-01-06 17:45:00,0.732
2025-01-06 18:00:00,0.484
2025-01-06 18:15:00,0.394
2025-01-06 18:30:00,0.498
2025-01-06 18:45:00,0.564
2025-01-06 19:00:00,0.570
2025-01-06 19:15:00,0.528
2025-01-06 19:30:00,0.544
2025-01-06 19:45:00,0.524
2025-01-06 20:00:00,0.429
2025-01-06 20:15:00,0.423
2025-01-06 20:30:00,0.444
2025-01-06 20:45:00,0.473
2025-01-06 21:00:00,0.438
2025-01-06 21:15:00,0.374
2025-01-06 21:30:00,0.462
2025-01-06 21:45:00,0.430
2025-01-06 22:00:00,0.431
2025-01-06 22:15:00,0.506
2025-01-06 22:30:00,0.463
2025-01-06 22:45:00,0.467
2025-01-06 23:00:00,0.464
2025-01-06 23:15:00,0.468
2025-01-06 23:30:00,0.439
2025-01-06 23:45:00,0.532
2025-01-07 00:00:00,0.483
2025-01-07 00:15:00,0.401
2025-01-07 00:30:00,0.399
2025-01-07 00:45:00,0.529
2025-01-07 01:00:00,0.525
2025-01-07 01:15:00,0.491
2025-01-07 01:30:00,0.592
2025-01-07 01:45:00,0.504
2025-01-07 02:00:00,0.450
2025-01-07 02:15:00,0.520
2025-01-07 02:30:00,0.585
2025-01-07 02:45:00,0.519
2025-01-07 03:00:00,0.536
2025-01-07 03:15:00,0.509
2025-01-07 03:30:00,0.501
2025-01-07 03:45:00,0.536
2025-01-07 04:00:00,0.571
2025-01-07 04:15:00,0.466
2025-01-07 04:30:00,0.537
2025-01-07 04:45:00,0.566
2025-01-07 05:00:00,0.454
2025-01-07 05:15:00,0.493
2025-01-07 05:30:00,0.650
2025-01-07 05:45:00,0.588
2025-01-07 06:00:00,0.500
2025-01-07 06:15:00,0.570
2025-01-07 06:30:00,0.668
2025-01-07 06:45:00,0.546
2025-01-07 07:00:00,0.569
2025-01-07 07:15:00,0.661
2025-01-07 07:30:00,1.37
2025-01-07 07:45:00,1.68
2025-01-07 08:00:00,1.77
2025-01-07 08:15:00,1.48
2025-01-07 08:30:00,1.36
2025-01-07 08:45:00,1.38
2025-01-07 09:00:00,1.11
2025-01-07 09:15:00,1.10
2025-01-07 09:30:00,1.41
2025-01-07 09:45:00,1.28
2025-01-07 10:00:00,1.44
2025-01-07 10:15:00,1.48
2025-01-07 10:30:00,1.71
2025-01-07 10:45:00,1.95
2025-01-07 11:00:00,1.98
2025-01-07 11:15:00,1.94
2025-01-07 11:30:00,1.93
2025-01-07 11:45:00,2.00
2025-01-07 12:00:00,1.79
2025-01-07 12:15:00,1.85
2025-01-07 12:30:00,2.06
2025-01-07 12:45:00,1.98
2025-01-07 13:00:00,1.82
2025-01-07 13:15:00,1.83
2025-01-07 13:30:00,1.55
2025-01-07 13:45:00,1.42
2025-01-07 14:00:00,1.05
2025-01-07 14:15:00,0.966
2025-01-07 14:30:00,1.24
2025-01-07 14:45:00,1.41
2025-01-07 15:00:00,1.51
2025-01-07 15:15:00,1.45
2025-01-07 15:30:00,1.47
2025-01-07 15:45:00,1.49
2025-01-07 16:00:00,1.40
2025-01-07 16:15:00,1.48
2025-01-07 16:30:00,1.43
2025-01-07 16:45:00,1.31
2025-01-07 17:00:00,1.45
2025-01-07 17:15:00,1.44
2025-01-07 17:30:00,1.43
2025-01-07 17:45:00,0.650
2025-01-07 18:00:00,0.611
2025-01-07 18:15:00,0.442
2025-01-07 18:30:00,0.419
2025-01-07 18:45:00,0.481
2025-01-07 19:00:00,0.464
2025-01-07 19:15:00,0.411
2025-01-07 19:30:00,0.550
2025-01-07 19:45:00,0.480
2025-01-07 20:00:00,0.416
2025-01-07 20:15:00,0.460
2025-01-07 20:30:00,0.438
2025-01-07 20:45:00,0.464
2025-01-07 21:00:00,0.367
2025-01-07 21:15:00,0.541
2025-01-07 21:30:00,0.400
2025-01-07 21:45:00,0.428
2025-01-07 22:00:00,0.500
2025-01-07 22:15:00,0.543
2025-01-07 22:30:00,0.435
2025-01-07 22:45:00,0.490
2025-01-07 23:00:00,0.434
2025-01-07 23:15:00,0.494
2025-01-07 23:30:00,0.533
2025-01-07 23:45:00,0.608
2025-01-08 00:00:00,0.429
2025-01-08 00:15:00,0.489
2025-01-08 00:30:00,0.502
2025-01-08 00:45:00,0.447
2025-01-08 01:00:00,0.474
2025-01-08 01:15:00,0.675
2025-01-08 01:30:00,0.548
2025-01-08 01:45:00,0.541
2025-01-08 02:00:00,0.595
2025-01-08 02:15:00,0.506
2025-01-08 02:30:00,0.552
2025-01-08 02:45:00,0.603
2025-01-08 03:00:00,0.626
2025-01-08 03:15:00,0.503
2025-01-08 03:30:00,0.525
2025-01-08 03:45:00,0.530
2025-01-08 04:00:00,0.575
2025-01-08 04:15:00,0.542
2025-01-08 04:30:00,0.602
2025-01-08 04:45:00,0.539
2025-01-08 05:00:00,0.588
2025-01-08 05:15:00,0.582
2025-01-08 05:30:00,0.566
2025-01-08 05:45:00,0.520
2025-01-08 06:00:00,0.509
2025-01-08 06:15:00,0.598
2025-01-08 06:30:00,0.463
2025-01-08 06:45:00,0.468
2025-01-08 07:00:00,0.652
2025-01-08 07:15:00,0.419
2025-01-08 07:30:00,1.01
2025-01-08 07:45:00,1.53
2025-01-08 08:00:00,1.46
2025-01-08 08:15:00,1.47
2025-01-08 08:30:00,1.45
2025-01-08 08:45:00,1.40
2025-01-08 09:00:00,1.27
2025-01-08 09:15:00,1.54
2025-01-08 09:30:00,1.47
2025-01-08 09:45:00,1.42
2025-01-08 10:00:00,1.45
2025-01-08 10:15:00,1.58
2025-01-08 10:30:00,1.38
2025-01-08 10:45:00,1.53
2025-01-08 11:00:00,1.53
2025-01-08 11:15:00,1.47
2025-01-08 11:30:00,1.50
2025-01-08 11:45:00,1.79
2025-01-08 12:00:00,1.53
2025-01-08 12:15:00,1.61
2025-01-08 12:30:00,1.68
2025-01-08 12:45:00,1.64
2025-01-08 13:00:00,1.46
2025-01-08 13:15:00,1.36
2025-01-08 13:30:00,1.48
2025-01-08 13:45:00,1.63
2025-01-08 14:00:00,1.87
2025-01-08 14:15:00,1.99
2025-01-08 14:30:00,1.42
2025-01-08 14:45:00,1.44
2025-01-08 15:00:00,1.34
2025-01-08 15:15:00,0.640
2025-01-08 15:30:00,0.257
2025-01-08 15:45:00,0.311
2025-01-08 16:00:00,0.675
2025-01-08 16:15:00,0.615
2025-01-08 16:30:00,0.616
2025-01-08 16:45:00,0.737
2025-01-08 17:00:00,0.781
2025-01-08 17:15:00,0.747
2025-01-08 17:30:00,0.804
2025-01-08 17:45:00,0.708
2025-01-08 18:00:00,0.563
2025-01-08 18:15:00,0.593
2025-01-08 18:30:00,0.632
2025-01-08 18:45:00,0.527
2025-01-08 19:00:00,0.553
2025-01-08 19:15:00,0.750
2025-01-08 19:30:00,0.551
2025-01-08 19:45:00,0.583
2025-01-08 20:00:00,0.483
2025-01-08 20:15:00,0.435
2025-01-08 20:30:00,0.414
2025-01-08 20:45:00,0.475
2025-01-08 21:00:00,0.503
2025-01-08 21:15:00,0.384
2025-01-08 21:30:00,0.417
2025-01-08 21:45:00,0.453
2025-01-08 22:00:00,0.436
2025-01-08 22:15:00,0.444
2025-01-08 22:30:00,0.448
2025-01-08 22:45:00,0.417
2025-01-08 23:00:00,0.479
2025-01-08 23:15:00,0.475
2025-01-08 23:30:00,0.578
2025-01-08 23:45:00,0.503
2025-01-09 00:00:00,0.438
2025-01-09 00:15:00,0.482
2025-01-09 00:30:00,0.496
2025-01-09 00:45:00,0.430
2025-01-09 01:00:00,0.584
2025-01-09 01:15:00,0.553
2025-01-09 01:30:00,0.444
2025-01-09 01:45:00,0.400
2025-01-09 02:00:00,0.467
2025-01-09 02:15:00,0.567
2025-01-09 02:30:00,0.568
2025-01-09 02:45:00,0.579
2025-01-09 03:00:00,0.566
2025-01-09 03:15:00,0.432
2025-01-09 03:30:00,0.397
2025-01-09 03:45:00,0.464
2025-01-09 04:00:00,0.547
2025-01-09 04:15:00,0.426
2025-01-09 04:30:00,0.409
2025-01-09 04:45:00,0.586
2025-01-09 05:00:00,0.489
2025-01-09 05:15:00,0.457
2025-01-09 05:30:00,0.530
2025-01-09 05:45:00,0.463
2025-01-09 06:00:00,0.436
2025-01-09 06:15:00,0.478
2025-01-09 06:30:00,0.582
2025-01-09 06:45:00,0.236
2025-01-09 07:00:00,0.520
2025-01-09 07:15:00,0.270
2025-01-09 07:30:00,1.57
2025-01-09 07:45:00,1.53
2025-01-09 08:00:00,1.35
2025-01-09 08:15:00,1.50
2025-01-09 08:30:00,1.51
2025-01-09 08:45:00,1.44
2025-01-09 09:00:00,1.56
2025-01-09 09:15:00,1.45
2025-01-09 09:30:00,1.25
2025-01-09 09:45:00,1.30
2025-01-09 10:00:00,1.27
2025-01-09 10:15:00,1.23
2025-01-09 10:30:00,1.21
2025-01-09 10:45:00,1.25
2025-01-09 11:00:00,1.22
2025-01-09 11:15:00,1.13
2025-01-09 11:30:00,1.39
2025-01-09 11:45:00,1.49
2025-01-09 12:00:00,1.63
2025-01-09 12:15:00,1.64
2025-01-09 12:30:00,1.57
2025-01-09 12:45:00,1.59
2025-01-09 13:00:00,1.46
2025-01-09 13:15:00,1.58
2025-01-09 13:30:00,0.695
2025-01-09 13:45:00,0.587
2025-01-09 14:00:00,0.893
2025-01-09 14:15:00,0.743
2025-01-09 14:30:00,0.697
2025-01-09 14:45:00,1.06
2025-01-09 15:00:00,1.66
2025-01-09 15:15:00,1.43
2025-01-09 15:30:00,1.00
2025-01-09 15:45:00,0.927
2025-01-09 16:00:00,1.01
2025-01-09 16:15:00,1.25
2025-01-09 16:30:00,1.08
2025-01-09 16:45:00,0.992
2025-01-09 17:00:00,1.03
2025-01-09 17:15:00,0.978
2025-01-09 17:30:00,1.06
2025-01-09 17:45:00,1.09
2025-01-09 18:00:00,0.513
2025-01-09 18:15:00,0.513
2025-01-09 18:30:00,0.441
2025-01-09 18:45:00,0.524
2025-01-09 19:00:00,0.429
2025-01-09 19:15:00,0.466
2025-01-09 19:30:00,0.410
2025-01-09 19:45:00,0.460
2025-01-09 20:00:00,0.397
2025-01-09 20:15:00,0.313
2025-01-09 20:30:00,0.403
2025-01-09 20:45:00,0.423
2025-01-09 21:00:00,0.430
2025-01-09 21:15:00,0.403
2025-01-09 21:30:00,0.500
2025-01-09 21:45:00,0.453
2025-01-09 22:00:00,0.462
2025-01-09 22:15:00,0.373
2025-01-09 22:30:00,0.525
2025-01-09 22:45:00,0.394
2025-01-09 23:00:00,0.393
2025-01-09 23:15:00,0.429
2025-01-09 23:30:00,0.477
2025-01-09 23:45:00,0.497
2025-01-10 00:00:00,0.429
2025-01-10 00:15:00,0.538
2025-01-10 00:30:00,0.513
2025-01-10 00:45:00,0.515
2025-01-10 01:00:00,0.447
2025-01-10 01:15:00,0.512
2025-01-10 01:30:00,0.451
2025-01-10 01:45:00,0.457
2025-01-10 02:00:00,0.561
2025-01-10 02:15:00,0.535
2025-01-10 02:30:00,0.464
2025-01-10 02:45:00,0.447
2025-01-10 03:00:00,0.526
2025-01-10 03:15:00,0.446
2025-01-10 03:30:00,0.583
2025-01-10 03:45:00,0.596
2025-01-10 04:00:00,0.615
2025-01-10 04:15:00,0.427
2025-01-10 04:30:00,0.407
2025-01-10 04:45:00,0.455
2025-01-10 05:00:00,0.517
2025-01-10 05:15:00,0.471
2025-01-10 05:30:00,0.498
2025-01-10 05:45:00,0.543
2025-01-10 06:00:00,0.505
2025-01-10 06:15:00,0.464
2025-01-10 06:30:00,0.545
2025-01-10 06:45:00,0.181
2025-01-10 07:00:00,0.405
2025-01-10 07:15:00,0.613
2025-01-10 07:30:00,0.726
2025-01-10 07:45:00,1.62
2025-01-10 08:00:00,1.58
2025-01-10 08:15:00,1.10
2025-01-10 08:30:00,1.11
2025-01-10 08:45:00,1.10
2025-01-10 09:00:00,1.37
2025-01-10 09:15:00,1.35
2025-01-10 09:30:00,1.27
2025-01-10 09:45:00,1.00
2025-01-10 10:00:00,1.12
2025-01-10 10:15:00,1.13
2025-01-10 10:30:00,1.12
2025-01-10 10:45:00,1.30
2025-01-10 11:00:00,1.38
2025-01-10 11:15:00,1.68
2025-01-10 11:30:00,1.17
2025-01-10 11:45:00,1.39
2025-01-10 12:00:00,1.32
2025-01-10 12:15:00,1.27
2025-01-10 12:30:00,1.22
2025-01-10 12:45:00,1.16
2025-01-10 13:00:00,0.982
2025-01-10 13:15:00,0.995
2025-01-10 13:30:00,0.600
2025-01-10 13:45:00,0.639
2025-01-10 14:00:00,0.494
2025-01-10 14:15:00,0.465
2025-01-10 14:30:00,0.477
2025-01-10 14:45:00,0.707
2025-01-10 15:00:00,0.859
2025-01-10 15:15:00,0.695
2025-01-10 15:30:00,0.719
2025-01-10 15:45:00,0.832
2025-01-10 16:00:00,0.853
2025-01-10 16:15:00,1.06
2025-01-10 16:30:00,1.12
2025-01-10 16:45:00,1.18
2025-01-10 17:00:00,1.11
2025-01-10 17:15:00,1.10
2025-01-10 17:30:00,1.25
2025-01-10 17:45:00,0.476
2025-01-10 18:00:00,0.419
2025-01-10 18:15:00,0.364
2025-01-10 18:30:00,0.465
2025-01-10 18:45:00,0.419
2025-01-10 19:00:00,0.426
2025-01-10 19:15:00,0.623
2025-01-10 19:30:00,0.496
2025-01-10 19:45:00,0.366
2025-01-10 20:00:00,0.307
2025-01-10 20:15:00,0.381
2025-01-10 20:30:00,0.418
2025-01-10 20:45:00,0.477
2025-01-10 21:00:00,0.483
2025-01-10 21:15:00,0.476
2025-01-10 21:30:00,0.448
2025-01-10 21:45:00,0.466
2025-01-10 22:00:00,0.564
2025-01-10 22:15:00,0.558
2025-01-10 22:30:00,0.429
2025-01-10 22:45:00,0.481
2025-01-10 23:00:00,0.590
2025-01-10 23:15:00,0.489
2025-01-10 23:30:00,0.510
2025-01-10 23:45:00,0.441
2025-01-11 00:00:00,0.440
2025-01-11 00:15:00,0.405
2025-01-11 00:30:00,0.443
2025-01-11 00:45:00,0.609
2025-01-11 01:00:00,0.548
2025-01-11 01:15:00,0.445
2025-01-11 01:30:00,0.510
2025-01-11 01:45:00,0.467
2025-01-11 02:00:00,0.392
2025-01-11 02:15:00,0.489
2025-01-11 02:30:00,0.571
2025-01-11 02:45:00,0.423
2025-01-11 03:00:00,0.432
2025-01-11 03:15:00,0.482
2025-01-11 03:30:00,0.467
2025-01-11 03:45:00,0.403
2025-01-11 04:00:00,0.420
2025-01-11 04:15:00,0.592
2025-01-11 04:30:00,0.551
2025-01-11 04:45:00,0.460
2025-01-11 05:00:00,0.483
2025-01-11 05:15:00,0.513
2025-01-11 05:30:00,0.423
2025-01-11 05:45:00,0.462
2025-01-11 06:00:00,0.552
2025-01-11 06:15:00,0.620
2025-01-11 06:30:00,0.641
2025-01-11 06:45:00,0.534
2025-01-11 07:00:00,1.06
2025-01-11 07:15:00,1.74
2025-01-11 07:30:00,1.83
2025-01-11 07:45:00,2.05
2025-01-11 08:00:00,1.87
2025-01-11 08:15:00,1.72
2025-01-11 08:30:00,1.86
2025-01-11 08:45:00,1.85
2025-01-11 09:00:00,1.83
2025-01-11 09:15:00,1.91
2025-01-11 09:30:00,1.88
2025-01-11 09:45:00,1.93
2025-01-11 10:00:00,1.80
2025-01-11 10:15:00,1.21
2025-01-11 10:30:00,1.36
2025-01-11 10:45:00,1.92
2025-01-11 11:00:00,1.83
2025-01-11 11:15:00,0.962
2025-01-11 11:30:00,1.73
2025-01-11 11:45:00,1.79
2025-01-11 12:00:00,1.97
2025-01-11 12:15:00,1.15
2025-01-11 12:30:00,1.63
2025-01-11 12:45:00,1.97
2025-01-11 13:00:00,2.11
2025-01-11 13:15:00,1.93
2025-01-11 13:30:00,1.92
2025-01-11 13:45:00,1.82
2025-01-11 14:00:00,1.93
2025-01-11 14:15:00,1.76
2025-01-11 14:30:00,1.74
2025-01-11 14:45:00,1.88
2025-01-11 15:00:00,1.87
2025-01-11 15:15:00,1.72
2025-01-11 15:30:00,1.75
2025-01-11 15:45:00,1.83
2025-01-11 16:00:00,1.70
2025-01-11 16:15:00,1.91
2025-01-11 16:30:00,1.95
2025-01-11 16:45:00,1.78
2025-01-11 17:00:00,1.73
2025-01-11 17:15:00,0.975
2025-01-11 17:30:00,0.515
2025-01-11 17:45:00,0.598
2025-01-11 18:00:00,0.596
2025-01-11 18:15:00,0.592
2025-01-11 18:30:00,0.477
2025-01-11 18:45:00,0.494
2025-01-11 19:00:00,0.506
2025-01-11 19:15:00,0.525
2025-01-11 19:30:00,0.474
2025-01-11 19:45:00,0.572
2025-01-11 20:00:00,0.516
2025-01-11 20:15:00,0.406
2025-01-11 20:30:00,0.446
2025-01-11 20:45:00,0.570
2025-01-11 21:00:00,0.428
2025-01-11 21:15:00,0.450
2025-01-11 21:30:00,0.625
2025-01-11 21:45:00,0.600
2025-01-11 22:00:00,0.487
2025-01-11 22:15:00,0.473
2025-01-11 22:30:00,0.551
2025-01-11 22:45:00,0.528
2025-01-11 23:00:00,0.518
2025-01-11 23:15:00,0.610
2025-01-11 23:30:00,0.660
2025-01-11 23:45:00,0.534
2025-01-12 00:00:00,0.548
2025-01-12 00:15:00,0.528
2025-01-12 00:30:00,0.501
2025-01-12 00:45:00,0.506
2025-01-12 01:00:00,0.672
2025-01-12 01:15:00,0.607
2025-01-12 01:30:00,0.534
2025-01-12 01:45:00,0.535
2025-01-12 02:00:00,0.596
2025-01-12 02:15:00,0.557
2025-01-12 02:30:00,0.604
2025-01-12 02:45:00,0.580
2025-01-12 03:00:00,0.671
2025-01-12 03:15:00,0.590
2025-01-12 03:30:00,0.526
2025-01-12 03:45:00,0.649
2025-01-12 04:00:00,0.643
2025-01-12 04:15:00,0.544
2025-01-12 04:30:00,0.575
2025-01-12 04:45:00,0.725
2025-01-12 05:00:00,0.584
2025-01-12 05:15:00,0.645
2025-01-12 05:30:00,0.647
2025-01-12 05:45:00,0.534
2025-01-12 06:00:00,0.518
2025-01-12 06:15:00,0.534
2025-01-12 06:30:00,0.652
2025-01-12 06:45:00,0.579
2025-01-12 07:00:00,0.532
2025-01-12 07:15:00,0.608
2025-01-12 07:30:00,0.504
2025-01-12 07:45:00,0.485
2025-01-12 08:00:00,0.551
2025-01-12 08:15:00,0.594
2025-01-12 08:30:00,0.521
2025-01-12 08:45:00,0.522
2025-01-12 09:00:00,0.609
2025-01-12 09:15:00,0.514
2025-01-12 09:30:00,0.527
2025-01-12 09:45:00,0.650
2025-01-12 10:00:00,0.559
2025-01-12 10:15:00,0.493
2025-01-12 10:30:00,0.564
2025-01-12 10:45:00,0.511
2025-01-12 11:00:00,0.518
2025-01-12 11:15:00,0.593
2025-01-12 11:30:00,0.527
2025-01-12 11:45:00,0.553
2025-01-12 12:00:00,0.492
2025-01-12 12:15:00,0.576
2025-01-12 12:30:00,0.602
2025-01-12 12:45:00,0.597
2025-01-12 13:00:00,0.570
2025-01-12 13:15:00,0.498
2025-01-12 13:30:00,0.552
2025-01-12 13:45:00,0.583
2025-01-12 14:00:00,0.560
2025-01-12 14:15:00,0.515
2025-01-12 14:30:00,0.614
2025-01-12 14:45:00,0.516
2025-01-12 15:00:00,0.458
2025-01-12 15:15:00,0.577
2025-01-12 15:30:00,0.568
2025-01-12 15:45:00,0.450
2025-01-12 16:00:00,0.468
2025-01-12 16:15:00,0.549
2025-01-12 16:30:00,0.482
2025-01-12 16:45:00,0.443
2025-01-12 17:00:00,0.609
2025-01-12 17:15:00,0.538
2025-01-12 17:30:00,0.476
2025-01-12 17:45:00,0.468
2025-01-12 18:00:00,0.527
2025-01-12 18:15:00,0.565
2025-01-12 18:30:00,0.562
2025-01-12 18:45:00,0.492
2025-01-12 19:00:00,0.512
2025-01-12 19:15:00,0.426
2025-01-12 19:30:00,0.392
2025-01-12 19:45:00,0.468
2025-01-12 20:00:00,0.477
2025-01-12 20:15:00,0.390
2025-01-12 20:30:00,0.376
2025-01-12 20:45:00,0.393
2025-01-12 21:00:00,0.364
2025-01-12 21:15:00,0.362
2025-01-12 21:30:00,0.417
2025-01-12 21:45:00,0.446
2025-01-12 22:00:00,0.404
2025-01-12 22:15:00,0.402
2025-01-12 22:30:00,0.389
2025-01-12 22:45:00,0.484
2025-01-12 23:00:00,0.412
2025-01-12 23:15:00,0.368
2025-01-12 23:30:00,0.430
2025-01-12 23:45:00,0.442
2025-01-13 00:00:00,0.439
2025-01-13 00:15:00,0.459
2025-01-13 00:30:00,0.484
2025-01-13 00:45:00,0.343
2025-01-13 01:00:00,0.360
2025-01-13 01:15:00,0.445
2025-01-13 01:30:00,0.530
2025-01-13 01:45:00,0.513
2025-01-13 02:00:00,0.443
2025-01-13 02:15:00,0.443
2025-01-13 02:30:00,0.550
2025-01-13 02:45:00,0.391
2025-01-13 03:00:00,0.403
2025-01-13 03:15:00,0.543
2025-01-13 03:30:00,0.416
2025-01-13 03:45:00,0.490
2025-01-13 04:00:00,0.507
2025-01-13 04:15:00,0.491
2025-01-13 04:30:00,0.444
2025-01-13 04:45:00,0.546
2025-01-13 05:00:00,0.524
2025-01-13 05:15:00,0.456
2025-01-13 05:30:00,0.479
2025-01-13 05:45:00,0.611
2025-01-13 06:00:00,0.627
2025-01-13 06:15:00,0.547
2025-01-13 06:30:00,0.359
2025-01-13 06:45:00,0.116
2025-01-13 07:00:00,0.728
2025-01-13 07:15:00,0.671
2025-01-13 07:30:00,1.68
2025-01-13 07:45:00,1.53
2025-01-13 08:00:00,1.34
2025-01-13 08:15:00,1.25
2025-01-13 08:30:00,1.44
2025-01-13 08:45:00,1.39
2025-01-13 09:00:00,0.870
2025-01-13 09:15:00,0.692
2025-01-13 09:30:00,0.520
2025-01-13 09:45:00,0.508
2025-01-13 10:00:00,0.688
2025-01-13 10:15:00,0.471
2025-01-13 10:30:00,0.352
2025-01-13 10:45:00,0.374
2025-01-13 11:00:00,0.504
2025-01-13 11:15:00,0.434
2025-01-13 11:30:00,0.591
2025-01-13 11:45:00,0.443
2025-01-13 12:00:00,0.628
2025-01-13 12:15:00,0.711
2025-01-13 12:30:00,0.910
2025-01-13 12:45:00,0.744
2025-01-13 13:00:00,0.923
2025-01-13 13:15:00,1.03
2025-01-13 13:30:00,1.06
2025-01-13 13:45:00,0.834
2025-01-13 14:00:00,1.23
2025-01-13 14:15:00,1.69
2025-01-13 14:30:00,1.83
2025-01-13 14:45:00,1.89
2025-01-13 15:00:00,0.929
2025-01-13 15:15:00,1.09
2025-01-13 15:30:00,0.911
2025-01-13 15:45:00,0.889
2025-01-13 16:00:00,1.12
2025-01-13 16:15:00,1.28
2025-01-13 16:30:00,1.25
2025-01-13 16:45:00,1.25
2025-01-13 17:00:00,1.37
2025-01-13 17:15:00,1.44
2025-01-13 17:30:00,1.44
2025-01-13 17:45:00,1.21
2025-01-13 18:00:00,0.516
2025-01-13 18:15:00,0.431
2025-01-13 18:30:00,0.493
2025-01-13 18:45:00,0.596
2025-01-13 19:00:00,0.677
2025-01-13 19:15:00,0.510
2025-01-13 19:30:00,0.469
2025-01-13 19:45:00,0.551
2025-01-13 20:00:00,0.473
2025-01-13 20:15:00,0.446
2025-01-13 20:30:00,0.525
2025-01-13 20:45:00,0.474
2025-01-13 21:00:00,0.356
2025-01-13 21:15:00,0.398
2025-01-13 21:30:00,0.478
2025-01-13 21:45:00,0.463
2025-01-13 22:00:00,0.468
2025-01-13 22:15:00,0.499
2025-01-13 22:30:00,0.449
2025-01-13 22:45:00,0.471
2025-01-13 23:00:00,0.429
2025-01-13 23:15:00,0.538
2025-01-13 23:30:00,0.512
2025-01-13 23:45:00,0.484
2025-01-14 00:00:00,0.553
2025-01-14 00:15:00,0.461
2025-01-14 00:30:00,0.485
2025-01-14 00:45:00,0.508
2025-01-14 01:00:00,0.520
2025-01-14 01:15:00,0.506
2025-01-14 01:30:00,0.509
2025-01-14 01:45:00,0.503
2025-01-14 02:00:00,0.480
2025-01-14 02:15:00,0.484
2025-01-14 02:30:00,0.565
2025-01-14 02:45:00,0.539
2025-01-14 03:00:00,0.504
2025-01-14 03:15:00,0.467
2025-01-14 03:30:00,0.613
2025-01-14 03:45:00,0.544
2025-01-14 04:00:00,0.481
2025-01-14 04:15:00,0.480
2025-01-14 04:30:00,0.606
2025-01-14 04:45:00,0.447
2025-01-14 05:00:00,0.445
2025-01-14 05:15:00,0.502
2025-01-14 05:30:00,0.565
2025-01-14 05:45:00,0.447
2025-01-14 06:00:00,0.466
2025-01-14 06:15:00,0.576
2025-01-14 06:30:00,0.519
2025-01-14 06:45:00,-0.22
2025-01-14 07:00:00,0.494
2025-01-14 07:15:00,0.545
2025-01-14 07:30:00,0.375
2025-01-14 07:45:00,0.670
2025-01-14 08:00:00,1.45
2025-01-14 08:15:00,1.34
2025-01-14 08:30:00,1.35
2025-01-14 08:45:00,1.17
2025-01-14 09:00:00,1.36
2025-01-14 09:15:00,1.14
2025-01-14 09:30:00,1.21
2025-01-14 09:45:00,1.02
2025-01-14 10:00:00,1.27
2025-01-14 10:15:00,1.16
2025-01-14 10:30:00,1.15
2025-01-14 10:45:00,1.21
2025-01-14 11:00:00,1.10
2025-01-14 11:15:00,1.11
2025-01-14 11:30:00,1.24
2025-01-14 11:45:00,1.34
2025-01-14 12:00:00,1.44
2025-01-14 12:15:00,1.43
2025-01-14 12:30:00,1.52
2025-01-14 12:45:00,1.51
2025-01-14 13:00:00,1.55
2025-01-14 13:15:00,1.90
2025-01-14 13:30:00,1.01
2025-01-14 13:45:00,0.774
2025-01-14 14:00:00,0.612
2025-01-14 14:15:00,0.686
2025-01-14 14:30:00,0.765
2025-01-14 14:45:00,0.488
2025-01-14 15:00:00,0.472
2025-01-14 15:15:00,0.485
2025-01-14 15:30:00,0.548
2025-01-14 15:45:00,0.608
2025-01-14 16:00:00,0.843
2025-01-14 16:15:00,1.11
2025-01-14 16:30:00,1.16
2025-01-14 16:45:00,1.39
2025-01-14 17:00:00,1.31
2025-01-14 17:15:00,1.39
2025-01-14 17:30:00,1.61
2025-01-14 17:45:00,1.40
2025-01-14 18:00:00,0.461
2025-01-14 18:15:00,0.646
2025-01-14 18:30:00,0.831
2025-01-14 18:45:00,0.620
2025-01-14 19:00:00,0.578
2025-01-14 19:15:00,0.521
2025-01-14 19:30:00,0.643
2025-01-14 19:45:00,0.634
2025-01-14 20:00:00,0.539
2025-01-14 20:15:00,0.531
2025-01-14 20:30:00,0.545
2025-01-14 20:45:00,0.408
2025-01-14 21:00:00,0.432
2025-01-14 21:15:00,0.502
2025-01-14 21:30:00,0.524
2025-01-14 21:45:00,0.456
2025-01-14 22:00:00,0.452
2025-01-14 22:15:00,0.561
2025-01-14 22:30:00,0.473
2025-01-14 22:45:00,0.551
2025-01-14 23:00:00,0.535
2025-01-14 23:15:00,0.558
2025-01-14 23:30:00,0.490
2025-01-14 23:45:00,0.370
2025-01-15 00:00:00,0.543
2025-01-15 00:15:00,0.625
2025-01-15 00:30:00,0.475
2025-01-15 00:45:00,0.482
2025-01-15 01:00:00,0.568
2025-01-15 01:15:00,0.473
2025-01-15 01:30:00,0.504
2025-01-15 01:45:00,0.618
2025-01-15 02:00:00,0.541
2025-01-15 02:15:00,0.421
2025-01-15 02:30:00,0.469
2025-01-15 02:45:00,0.532
2025-01-15 03:00:00,0.528
2025-01-15 03:15:00,0.498
2025-01-15 03:30:00,0.424
2025-01-15 03:45:00,0.595
2025-01-15 04:00:00,0.443
2025-01-15 04:15:00,0.495
2025-01-15 04:30:00,0.521
2025-01-15 04:45:00,0.583
2025-01-15 05:00:00,0.415
2025-01-15 05:15:00,0.405
2025-01-15 05:30:00,0.430
2025-01-15 05:45:00,0.576
2025-01-15 06:00:00,0.666
2025-01-15 06:15:00,0.610
2025-01-15 06:30:00,0.568
2025-01-15 06:45:00,0.554
2025-01-15 07:00:00,1.52
2025-01-15 07:15:00,1.65
2025-01-15 07:30:00,1.36
2025-01-15 07:45:00,1.09
2025-01-15 08:00:00,1.03
2025-01-15 08:15:00,1.20
2025-01-15 08:30:00,1.16
2025-01-15 08:45:00,1.18
2025-01-15 09:00:00,1.29
2025-01-15 09:15:00,1.26
2025-01-15 09:30:00,1.47
2025-01-15 09:45:00,1.33
2025-01-15 10:00:00,1.31
2025-01-15 10:15:00,1.29
2025-01-15 10:30:00,1.35
2025-01-15 10:45:00,1.17
2025-01-15 11:00:00,1.15
2025-01-15 11:15:00,1.33
2025-01-15 11:30:00,1.38
2025-01-15 11:45:00,1.45
2025-01-15 12:00:00,1.67
2025-01-15 12:15:00,1.74
2025-01-15 12:30:00,1.55
2025-01-15 12:45:00,1.51
2025-01-15 13:00:00,1.48
2025-01-15 13:15:00,1.25
2025-01-15 13:30:00,0.873
2025-01-15 13:45:00,1.10
2025-01-15 14:00:00,0.987
2025-01-15 14:15:00,0.806
2025-01-15 14:30:00,0.798
2025-01-15 14:45:00,0.975
2025-01-15 15:00:00,1.12
2025-01-15 15:15:00,1.16
2025-01-15 15:30:00,1.07
2025-01-15 15:45:00,1.11
2025-01-15 16:00:00,1.05
2025-01-15 16:15:00,1.13
2025-01-15 16:30:00,1.13
2025-01-15 16:45:00,0.966
2025-01-15 17:00:00,1.03
2025-01-15 17:15:00,1.24
2025-01-15 17:30:00,1.44
2025-01-15 17:45:00,0.592
2025-01-15 18:00:00,0.424
2025-01-15 18:15:00,0.481
2025-01-15 18:30:00,0.373
2025-01-15 18:45:00,0.401
2025-01-15 19:00:00,0.474
2025-01-15 19:15:00,0.415
2025-01-15 19:30:00,0.336
2025-01-15 19:45:00,0.439
2025-01-15 20:00:00,0.393
2025-01-15 20:15:00,0.298
2025-01-15 20:30:00,0.401
2025-01-15 20:45:00,0.373
2025-01-15 21:00:00,0.401
2025-01-15 21:15:00,0.375
2025-01-15 21:30:00,0.304
2025-01-15 21:45:00,0.408
2025-01-15 22:00:00,0.353
2025-01-15 22:15:00,0.422
2025-01-15 22:30:00,0.378
2025-01-15 22:45:00,0.439
2025-01-15 23:00:00,0.306
2025-01-15 23:15:00,0.385
2025-01-15 23:30:00,0.491
2025-01-15 23:45:00,0.570
2025-01-16 00:00:00,0.555
2025-01-16 00:15:00,0.523
2025-01-16 00:30:00,0.477
2025-01-16 00:45:00,0.405
2025-01-16 01:00:00,0.428
2025-01-16 01:15:00,0.543
2025-01-16 01:30:00,0.472
2025-01-16 01:45:00,0.450
2025-01-16 02:00:00,0.517
2025-01-16 02:15:00,0.416
2025-01-16 02:30:00,0.390
2025-01-16 02:45:00,0.476
2025-01-16 03:00:00,0.598
2025-01-16 03:15:00,0.426
2025-01-16 03:30:00,0.463
2025-01-16 03:45:00,0.565
2025-01-16 04:00:00,0.413
2025-01-16 04:15:00,0.455
2025-01-16 04:30:00,0.648
2025-01-16 04:45:00,0.488
2025-01-16 05:00:00,0.413
2025-01-16 05:15:00,0.459
2025-01-16 05:30:00,0.457
2025-01-16 05:45:00,0.494
2025-01-16 06:00:00,0.678
2025-01-16 06:15:00,0.615
2025-01-16 06:30:00,0.481
2025-01-16 06:45:00,0.158
2025-01-16 07:00:00,0.652
2025-01-16 07:15:00,0.342
2025-01-16 07:30:00,0.199
2025-01-16 07:45:00,0.915
2025-01-16 08:00:00,1.11
2025-01-16 08:15:00,0.955
2025-01-16 08:30:00,0.872
2025-01-16 08:45:00,1.47
2025-01-16 09:00:00,1.62
2025-01-16 09:15:00,1.82
2025-01-16 09:30:00,1.87
2025-01-16 09:45:00,1.99
2025-01-16 10:00:00,1.98
2025-01-16 10:15:00,1.95
2025-01-16 10:30:00,1.96
2025-01-16 10:45:00,1.87
2025-01-16 11:00:00,1.75
2025-01-16 11:15:00,1.80
2025-01-16 11:30:00,1.85
2025-01-16 11:45:00,2.06
2025-01-16 12:00:00,2.32
2025-01-16 12:15:00,2.49
2025-01-16 12:30:00,2.59
2025-01-16 12:45:00,2.47
2025-01-16 13:00:00,1.85
2025-01-16 13:15:00,1.61
2025-01-16 13:30:00,1.58
2025-01-16 13:45:00,1.06
2025-01-16 14:00:00,0.932
2025-01-16 14:15:00,0.871
2025-01-16 14:30:00,0.897
2025-01-16 14:45:00,1.13
2025-01-16 15:00:00,1.44
2025-01-16 15:15:00,1.30
2025-01-16 15:30:00,1.21
2025-01-16 15:45:00,1.28
2025-01-16 16:00:00,1.22
2025-01-16 16:15:00,1.18
2025-01-16 16:30:00,1.29
2025-01-16 16:45:00,1.40
2025-01-16 17:00:00,1.51
2025-01-16 17:15:00,1.55
2025-01-16 17:30:00,1.65
2025-01-16 17:45:00,0.673
2025-01-16 18:00:00,0.493
2025-01-16 18:15:00,0.524
2025-01-16 18:30:00,0.448
2025-01-16 18:45:00,0.524
2025-01-16 19:00:00,0.671
2025-01-16 19:15:00,0.568
2025-01-16 19:30:00,0.420
2025-01-16 19:45:00,0.405
2025-01-16 20:00:00,0.507
2025-01-16 20:15:00,0.499
2025-01-16 20:30:00,0.464
2025-01-16 20:45:00,0.551
2025-01-16 21:00:00,0.524
2025-01-16 21:15:00,0.452
2025-01-16 21:30:00,0.397
2025-01-16 21:45:00,0.505
2025-01-16 22:00:00,0.517
2025-01-16 22:15:00,0.509
2025-01-16 22:30:00,0.536
2025-01-16 22:45:00,0.576
2025-01-16 23:00:00,0.469
2025-01-16 23:15:00,0.451
2025-01-16 23:30:00,0.436
2025-01-16 23:45:00,0.514
2025-01-17 00:00:00,0.432
2025-01-17 00:15:00,0.548
2025-01-17 00:30:00,0.577
2025-01-17 00:45:00,0.472
2025-01-17 01:00:00,0.462
2025-01-17 01:15:00,0.587
2025-01-17 01:30:00,0.477
2025-01-17 01:45:00,0.406
2025-01-17 02:00:00,0.551
2025-01-17 02:15:00,0.490
2025-01-17 02:30:00,0.426
2025-01-17 02:45:00,0.564
2025-01-17 03:00:00,0.511
2025-01-17 03:15:00,0.320
2025-01-17 03:30:00,0.381
2025-01-17 03:45:00,0.491
2025-01-17 04:00:00,0.586
2025-01-17 04:15:00,0.484
2025-01-17 04:30:00,0.478
2025-01-17 04:45:00,0.484
2025-01-17 05:00:00,0.491
2025-01-17 05:15:00,0.397
2025-01-17 05:30:00,0.509
2025-01-17 05:45:00,0.561
2025-01-17 06:00:00,0.587
2025-01-17 06:15:00,0.517
2025-01-17 06:30:00,0.563
2025-01-17 06:45:00,-0.46
2025-01-17 07:00:00,-0.53
2025-01-17 07:15:00,0.188
2025-01-17 07:30:00,0.260
2025-01-17 07:45:00,1.17
2025-01-17 08:00:00,1.17
2025-01-17 08:15:00,1.08
2025-01-17 08:30:00,1.19
2025-01-17 08:45:00,1.06
2025-01-17 09:00:00,1.27
2025-01-17 09:15:00,1.40
2025-01-17 09:30:00,1.32
2025-01-17 09:45:00,1.55
2025-01-17 10:00:00,1.61
2025-01-17 10:15:00,1.59
2025-01-17 10:30:00,1.42
2025-01-17 10:45:00,1.38
2025-01-17 11:00:00,1.22
2025-01-17 11:15:00,0.430
2025-01-17 11:30:00,0.108
2025-01-17 11:45:00,0.0267
2025-01-17 12:00:00,0.197
2025-01-17 12:15:00,0.448
2025-01-17 12:30:00,0.614
2025-01-17 12:45:00,0.417
2025-01-17 13:00:00,1.26
2025-01-17 13:15:00,1.11
2025-01-17 13:30:00,0.818
2025-01-17 13:45:00,0.967
2025-01-17 14:00:00,0.963
2025-01-17 14:15:00,0.812
2025-01-17 14:30:00,0.658
2025-01-17 14:45:00,0.741
2025-01-17 15:00:00,0.726
2025-01-17 15:15:00,0.922
2025-01-17 15:30:00,0.950
2025-01-17 15:45:00,1.11
2025-01-17 16:00:00,1.13
2025-01-17 16:15:00,1.05
2025-01-17 16:30:00,1.33
2025-01-17 16:45:00,1.50
2025-01-17 17:00:00,1.45
2025-01-17 17:15:00,1.43
2025-01-17 17:30:00,1.54
2025-01-17 17:45:00,0.990
2025-01-17 18:00:00,1.37
2025-01-17 18:15:00,1.62
2025-01-17 18:30:00,1.65
2025-01-17 18:45:00,1.47
2025-01-17 19:00:00,1.45
2025-01-17 19:15:00,0.544
2025-01-17 19:30:00,0.507
2025-01-17 19:45:00,0.506
2025-01-17 20:00:00,0.426
2025-01-17 20:15:00,0.435
2025-01-17 20:30:00,0.394
2025-01-17 20:45:00,0.458
2025-01-17 21:00:00,0.476
2025-01-17 21:15:00,0.547
2025-01-17 21:30:00,0.382
2025-01-17 21:45:00,0.403
2025-01-17 22:00:00,0.506
2025-01-17 22:15:00,0.503
2025-01-17 22:30:00,0.587
2025-01-17 22:45:00,0.597
2025-01-17 23:00:00,0.552
2025-01-17 23:15:00,0.481
2025-01-17 23:30:00,0.424
2025-01-17 23:45:00,0.496
2025-01-18 00:00:00,0.527
2025-01-18 00:15:00,0.598
2025-01-18 00:30:00,0.472
2025-01-18 00:45:00,0.485
2025-01-18 01:00:00,0.387
2025-01-18 01:15:00,0.446
2025-01-18 01:30:00,0.642
2025-01-18 01:45:00,0.670
2025-01-18 02:00:00,0.508
2025-01-18 02:15:00,0.471
2025-01-18 02:30:00,0.521
2025-01-18 02:45:00,0.489
2025-01-18 03:00:00,0.524
2025-01-18 03:15:00,0.533
2025-01-18 03:30:00,0.538
2025-01-18 03:45:00,0.486
2025-01-18 04:00:00,0.485
2025-01-18 04:15:00,0.576
2025-01-18 04:30:00,0.595
2025-01-18 04:45:00,0.493
2025-01-18 05:00:00,0.425
2025-01-18 05:15:00,0.511
2025-01-18 05:30:00,0.538
2025-01-18 05:45:00,0.572
2025-01-18 06:00:00,0.489
2025-01-18 06:15:00,0.594
2025-01-18 06:30:00,0.557
2025-01-18 06:45:00,0.524
2025-01-18 07:00:00,1.49
2025-01-18 07:15:00,2.13
2025-01-18 07:30:00,2.06
2025-01-18 07:45:00,1.93
2025-01-18 08:00:00,1.88
2025-01-18 08:15:00,1.88
2025-01-18 08:30:00,1.86
2025-01-18 08:45:00,1.69
2025-01-18 09:00:00,0.570
2025-01-18 09:15:00,0.602
2025-01-18 09:30:00,0.553
2025-01-18 09:45:00,0.585
2025-01-18 10:00:00,0.714
2025-01-18 10:15:00,0.521
2025-01-18 10:30:00,0.537
2025-01-18 10:45:00,0.619
2025-01-18 11:00:00,0.621
2025-01-18 11:15:00,0.545
2025-01-18 11:30:00,0.534
2025-01-18 11:45:00,0.602
2025-01-18 12:00:00,0.538
2025-01-18 12:15:00,0.532
2025-01-18 12:30:00,0.581
2025-01-18 12:45:00,0.574
2025-01-18 13:00:00,0.524
2025-01-18 13:15:00,0.439
2025-01-18 13:30:00,0.505
2025-01-18 13:45:00,0.534
2025-01-18 14:00:00,0.552
2025-01-18 14:15:00,0.535
2025-01-18 14:30:00,0.539
2025-01-18 14:45:00,0.485
2025-01-18 15:00:00,0.460
2025-01-18 15:15:00,0.984
2025-01-18 15:30:00,1.53
2025-01-18 15:45:00,1.47
2025-01-18 16:00:00,1.50
2025-01-18 16:15:00,1.52
2025-01-18 16:30:00,1.53
2025-01-18 16:45:00,1.43
2025-01-18 17:00:00,1.31
2025-01-18 17:15:00,1.23
2025-01-18 17:30:00,1.60
2025-01-18 17:45:00,0.481
2025-01-18 18:00:00,0.472
2025-01-18 18:15:00,0.562
2025-01-18 18:30:00,0.499
2025-01-18 18:45:00,0.411
2025-01-18 19:00:00,0.398
2025-01-18 19:15:00,0.483
2025-01-18 19:30:00,0.592
2025-01-18 19:45:00,0.397
2025-01-18 20:00:00,0.304
2025-01-18 20:15:00,0.322
2025-01-18 20:30:00,0.348
2025-01-18 20:45:00,0.269
2025-01-18 21:00:00,0.397
2025-01-18 21:15:00,0.469
2025-01-18 21:30:00,0.346
2025-01-18 21:45:00,0.325
2025-01-18 22:00:00,0.379
2025-01-18 22:15:00,0.448
2025-01-18 22:30:00,0.364
2025-01-18 22:45:00,0.419
2025-01-18 23:00:00,0.386
2025-01-18 23:15:00,0.422
2025-01-18 23:30:00,0.376
2025-01-18 23:45:00,0.407
2025-01-19 00:00:00,0.388
2025-01-19 00:15:00,0.523
2025-01-19 00:30:00,0.425
2025-01-19 00:45:00,0.338
2025-01-19 01:00:00,0.352
2025-01-19 01:15:00,0.503
2025-01-19 01:30:00,0.490
2025-01-19 01:45:00,0.519
2025-01-19 02:00:00,0.473
2025-01-19 02:15:00,0.552
2025-01-19 02:30:00,0.566
2025-01-19 02:45:00,0.430
2025-01-19 03:00:00,0.449
2025-01-19 03:15:00,0.612
2025-01-19 03:30:00,0.477
2025-01-19 03:45:00,0.462
2025-01-19 04:00:00,0.548
2025-01-19 04:15:00,0.526
2025-01-19 04:30:00,0.413
2025-01-19 04:45:00,0.469
2025-01-19 05:00:00,0.512
2025-01-19 05:15:00,0.638
2025-01-19 05:30:00,0.509
2025-01-19 05:45:00,0.563
2025-01-19 06:00:00,0.639
2025-01-19 06:15:00,0.577
2025-01-19 06:30:00,0.612
2025-01-19 06:45:00,0.609
2025-01-19 07:00:00,0.557
2025-01-19 07:15:00,0.448
2025-01-19 07:30:00,0.570
2025-01-19 07:45:00,0.655
2025-01-19 08:00:00,0.792
2025-01-19 08:15:00,0.592
2025-01-19 08:30:00,0.504
2025-01-19 08:45:00,0.572
2025-01-19 09:00:00,0.548
2025-01-19 09:15:00,0.568
2025-01-19 09:30:00,0.708
2025-01-19 09:45:00,0.593
2025-01-19 10:00:00,0.573
2025-01-19 10:15:00,0.491
2025-01-19 10:30:00,0.473
2025-01-19 10:45:00,0.629
2025-01-19 11:00:00,0.656
2025-01-19 11:15:00,0.449
2025-01-19 11:30:00,0.466
2025-01-19 11:45:00,0.557
2025-01-19 12:00:00,0.482
2025-01-19 12:15:00,0.547
2025-01-19 12:30:00,0.600
2025-01-19 12:45:00,0.570
2025-01-19 13:00:00,0.449
2025-01-19 13:15:00,0.460
2025-01-19 13:30:00,0.592
2025-01-19 13:45:00,0.496
2025-01-19 14:00:00,0.477
2025-01-19 14:15:00,0.455
2025-01-19 14:30:00,0.454
2025-01-19 14:45:00,0.450
2025-01-19 15:00:00,0.472
2025-01-19 15:15:00,0.472
2025-01-19 15:30:00,0.495
2025-01-19 15:45:00,0.445
2025-01-19 16:00:00,0.425
2025-01-19 16:15:00,0.474
2025-01-19 16:30:00,0.448
2025-01-19 16:45:00,0.418
2025-01-19 17:00:00,0.344
2025-01-19 17:15:00,0.444
2025-01-19 17:30:00,0.579
2025-01-19 17:45:00,0.508
2025-01-19 18:00:00,0.409
2025-01-19 18:15:00,0.481
2025-01-19 18:30:00,0.535
2025-01-19 18:45:00,0.456
2025-01-19 19:00:00,0.519
2025-01-19 19:15:00,0.581
2025-01-19 19:30:00,0.524
2025-01-19 19:45:00,0.462
2025-01-19 20:00:00,0.393
2025-01-19 20:15:00,0.425
2025-01-19 20:30:00,0.515
2025-01-19 20:45:00,0.359
2025-01-19 21:00:00,0.397
2025-01-19 21:15:00,0.481
2025-01-19 21:30:00,0.476
2025-01-19 21:45:00,0.434
2025-01-19 22:00:00,0.413
2025-01-19 22:15:00,0.469
2025-01-19 22:30:00,0.429
2025-01-19 22:45:00,0.498
2025-01-19 23:00:00,0.469
2025-01-19 23:15:00,0.582
2025-01-19 23:30:00,0.450
2025-01-19 23:45:00,0.409
2025-01-20 00:00:00,0.377
2025-01-20 00:15:00,0.586
2025-01-20 00:30:00,0.615
2025-01-20 00:45:00,0.445
2025-01-20 01:00:00,0.467
2025-01-20 01:15:00,0.521
2025-01-20 01:30:00,0.472
2025-01-20 01:45:00,0.488
2025-01-20 02:00:00,0.537
2025-01-20 02:15:00,0.540
2025-01-20 02:30:00,0.430
2025-01-20 02:45:00,0.426
2025-01-20 03:00:00,0.516
2025-01-20 03:15:00,0.612
2025-01-20 03:30:00,0.477
2025-01-20 03:45:00,0.415
2025-01-20 04:00:00,0.600
2025-01-20 04:15:00,0.446
2025-01-20 04:30:00,0.430
2025-01-20 04:45:00,0.587
2025-01-20 05:00:00,0.507
2025-01-20 05:15:00,0.466
2025-01-20 05:30:00,0.459
2025-01-20 05:45:00,0.473
2025-01-20 06:00:00,0.537
2025-01-20 06:15:00,0.534
2025-01-20 06:30:00,0.405
2025-01-20 06:45:00,-0.11
2025-01-20 07:00:00,-0.30
2025-01-20 07:15:00,-0.42
2025-01-20 07:30:00,0.494
2025-01-20 07:45:00,0.397
2025-01-20 08:00:00,0.226
2025-01-20 08:15:00,0.859
2025-01-20 08:30:00,1.82
2025-01-20 08:45:00,2.13
2025-01-20 09:00:00,2.19
2025-01-20 09:15:00,1.75
2025-01-20 09:30:00,1.92
2025-01-20 09:45:00,2.01
2025-01-20 10:00:00,2.16
2025-01-20 10:15:00,2.06
2025-01-20 10:30:00,2.08
2025-01-20 10:45:00,2.18
2025-01-20 11:00:00,1.33
2025-01-20 11:15:00,1.17
2025-01-20 11:30:00,1.33
2025-01-20 11:45:00,1.41
2025-01-20 12:00:00,1.38
2025-01-20 12:15:00,1.33
2025-01-20 12:30:00,1.50
2025-01-20 12:45:00,1.49
2025-01-20 13:00:00,1.62
2025-01-20 13:15:00,1.87
2025-01-20 13:30:00,2.00
2025-01-20 13:45:00,1.96
2025-01-20 14:00:00,1.74
2025-01-20 14:15:00,1.79
2025-01-20 14:30:00,1.82
2025-01-20 14:45:00,1.75
2025-01-20 15:00:00,1.74
2025-01-20 15:15:00,1.10
2025-01-20 15:30:00,0.792
2025-01-20 15:45:00,0.938
2025-01-20 16:00:00,1.04
2025-01-20 16:15:00,1.09
2025-01-20 16:30:00,1.56
2025-01-20 16:45:00,1.44
2025-01-20 17:00:00,1.46
2025-01-20 17:15:00,1.51
2025-01-20 17:30:00,1.55
2025-01-20 17:45:00,0.611
2025-01-20 18:00:00,0.507
2025-01-20 18:15:00,0.551
2025-01-20 18:30:00,0.452
2025-01-20 18:45:00,0.463
2025-01-20 19:00:00,0.463
2025-01-20 19:15:00,0.541
2025-01-20 19:30:00,0.442
2025-01-20 19:45:00,0.374
2025-01-20 20:00:00,0.466
2025-01-20 20:15:00,0.461
2025-01-20 20:30:00,0.341
2025-01-20 20:45:00,0.357
2025-01-20 21:00:00,0.382
2025-01-20 21:15:00,0.510
2025-01-20 21:30:00,0.418
2025-01-20 21:45:00,0.347
2025-01-20 22:00:00,0.502
2025-01-20 22:15:00,0.599
2025-01-20 22:30:00,0.462
2025-01-20 22:45:00,0.465
2025-01-20 23:00:00,0.611
2025-01-20 23:15:00,0.573
2025-01-20 23:30:00,0.484
2025-01-20 23:45:00,0.440
2025-01-21 00:00:00,0.463
2025-01-21 00:15:00,0.618
2025-01-21 00:30:00,0.543
2025-01-21 00:45:00,0.496
2025-01-21 01:00:00,0.437
2025-01-21 01:15:00,0.580
2025-01-21 01:30:00,0.479
2025-01-21 01:45:00,0.506
2025-01-21 02:00:00,0.483
2025-01-21 02:15:00,0.478
2025-01-21 02:30:00,0.556
2025-01-21 02:45:00,0.466
2025-01-21 03:00:00,0.492
2025-01-21 03:15:00,0.485
2025-01-21 03:30:00,0.421
2025-01-21 03:45:00,0.486
2025-01-21 04:00:00,0.599
2025-01-21 04:15:00,0.654
2025-01-21 04:30:00,0.473
2025-01-21 04:45:00,0.588
2025-01-21 05:00:00,0.527
2025-01-21 05:15:00,0.437
2025-01-21 05:30:00,0.459
2025-01-21 05:45:00,0.579
2025-01-21 06:00:00,0.633
2025-01-21 06:15:00,0.595
2025-01-21 06:30:00,0.508
2025-01-21 06:45:00,0.678
2025-01-21 07:00:00,0.986
2025-01-21 07:15:00,0.858
2025-01-21 07:30:00,1.99
2025-01-21 07:45:00,1.90
2025-01-21 08:00:00,1.77
2025-01-21 08:15:00,2.18
2025-01-21 08:30:00,2.07
2025-01-21 08:45:00,2.14
2025-01-21 09:00:00,2.08
2025-01-21 09:15:00,2.40
2025-01-21 09:30:00,2.22
2025-01-21 09:45:00,2.25
2025-01-21 10:00:00,2.62
2025-01-21 10:15:00,2.73
2025-01-21 10:30:00,2.57
2025-01-21 10:45:00,2.56
2025-01-21 11:00:00,2.50
2025-01-21 11:15:00,2.60
2025-01-21 11:30:00,2.43
2025-01-21 11:45:00,2.75
2025-01-21 12:00:00,2.37
2025-01-21 12:15:00,2.40
2025-01-21 12:30:00,2.45
2025-01-21 12:45:00,2.49
2025-01-21 13:00:00,2.09
2025-01-21 13:15:00,2.41
2025-01-21 13:30:00,2.35
2025-01-21 13:45:00,1.25
2025-01-21 14:00:00,1.18
2025-01-21 14:15:00,1.13
2025-01-21 14:30:00,1.03
2025-01-21 14:45:00,1.23
2025-01-21 15:00:00,1.20
2025-01-21 15:15:00,1.10
2025-01-21 15:30:00,1.14
2025-01-21 15:45:00,1.27
2025-01-21 16:00:00,1.37
2025-01-21 16:15:00,1.19
2025-01-21 16:30:00,1.13
2025-01-21 16:45:00,1.21
2025-01-21 17:00:00,1.20
2025-01-21 17:15:00,1.21
2025-01-21 17:30:00,1.34
2025-01-21 17:45:00,0.809
2025-01-21 18:00:00,0.360
2025-01-21 18:15:00,0.373
2025-01-21 18:30:00,0.433
2025-01-21 18:45:00,0.483
2025-01-21 19:00:00,0.415
2025-01-21 19:15:00,0.311
2025-01-21 19:30:00,0.369
2025-01-21 19:45:00,0.411
2025-01-21 20:00:00,0.405
2025-01-21 20:15:00,0.450
2025-01-21 20:30:00,0.534
2025-01-21 20:45:00,0.389
2025-01-21 21:00:00,0.318
2025-01-21 21:15:00,0.334
2025-01-21 21:30:00,0.456
2025-01-21 21:45:00,0.447
2025-01-21 22:00:00,0.419
2025-01-21 22:15:00,0.461
2025-01-21 22:30:00,0.490
2025-01-21 22:45:00,0.378
2025-01-21 23:00:00,0.440
2025-01-21 23:15:00,0.593
2025-01-21 23:30:00,0.499
2025-01-21 23:45:00,0.425
2025-01-22 00:00:00,0.503
2025-01-22 00:15:00,0.518
2025-01-22 00:30:00,0.464
2025-01-22 00:45:00,0.521
2025-01-22 01:00:00,0.465
2025-01-22 01:15:00,0.474
2025-01-22 01:30:00,0.359
2025-01-22 01:45:00,0.512
2025-01-22 02:00:00,0.680
2025-01-22 02:15:00,0.563
2025-01-22 02:30:00,0.396
2025-01-22 02:45:00,0.415
2025-01-22 03:00:00,0.503
2025-01-22 03:15:00,0.474
2025-01-22 03:30:00,0.535
2025-01-22 03:45:00,0.531
2025-01-22 04:00:00,0.494
2025-01-22 04:15:00,0.392
2025-01-22 04:30:00,0.384
2025-01-22 04:45:00,0.535
2025-01-22 05:00:00,0.583
2025-01-22 05:15:00,0.474
2025-01-22 05:30:00,0.472
2025-01-22 05:45:00,0.476
2025-01-22 06:00:00,0.547
2025-01-22 06:15:00,0.520
2025-01-22 06:30:00,0.339
2025-01-22 06:45:00,-0.0059
2025-01-22 07:00:00,-0.50
2025-01-22 07:15:00,-0.67
2025-01-22 07:30:00,0.437
2025-01-22 07:45:00,1.16
2025-01-22 08:00:00,2.14
2025-01-22 08:15:00,2.49
2025-01-22 08:30:00,2.46
2025-01-22 08:45:00,2.41
2025-01-22 09:00:00,2.32
2025-01-22 09:15:00,2.63
2025-01-22 09:30:00,2.45
2025-01-22 09:45:00,2.28
2025-01-22 10:00:00,2.22
2025-01-22 10:15:00,2.40
2025-01-22 10:30:00,2.22
2025-01-22 10:45:00,2.54
2025-01-22 11:00:00,2.56
2025-01-22 11:15:00,3.03
2025-01-22 11:30:00,2.61
2025-01-22 11:45:00,2.37
2025-01-22 12:00:00,2.49
2025-01-22 12:15:00,2.44
2025-01-22 12:30:00,2.38
2025-01-22 12:45:00,2.49
2025-01-22 13:00:00,1.57
2025-01-22 13:15:00,2.09
2025-01-22 13:30:00,2.05
2025-01-22 13:45:00,2.04
2025-01-22 14:00:00,1.22
2025-01-22 14:15:00,1.13
2025-01-22 14:30:00,1.30
2025-01-22 14:45:00,1.18
2025-01-22 15:00:00,1.40
2025-01-22 15:15:00,1.43
2025-01-22 15:30:00,1.36
2025-01-22 15:45:00,1.26
2025-01-22 16:00:00,1.19
2025-01-22 16:15:00,1.38
2025-01-22 16:30:00,1.56
2025-01-22 16:45:00,1.50
2025-01-22 17:00:00,1.47
2025-01-22 17:15:00,1.53
2025-01-22 17:30:00,1.42
2025-01-22 17:45:00,0.922
2025-01-22 18:00:00,0.523
2025-01-22 18:15:00,0.590
2025-01-22 18:30:00,0.503
2025-01-22 18:45:00,0.430
2025-01-22 19:00:00,0.387
2025-01-22 19:15:00,0.493
2025-01-22 19:30:00,0.564
2025-01-22 19:45:00,0.371
2025-01-22 20:00:00,0.458
2025-01-22 20:15:00,0.559
2025-01-22 20:30:00,0.426
2025-01-22 20:45:00,0.407
2025-01-22 21:00:00,0.392
2025-01-22 21:15:00,0.569
2025-01-22 21:30:00,0.471
2025-01-22 21:45:00,0.482
2025-01-22 22:00:00,0.497
2025-01-22 22:15:00,0.483
2025-01-22 22:30:00,0.369
2025-01-22 22:45:00,0.415
2025-01-22 23:00:00,0.499
2025-01-22 23:15:00,0.379
2025-01-22 23:30:00,0.481
2025-01-22 23:45:00,0.426
2025-01-23 00:00:00,0.457
2025-01-23 00:15:00,0.392
2025-01-23 00:30:00,0.378
2025-01-23 00:45:00,0.526
2025-01-23 01:00:00,0.659
2025-01-23 01:15:00,0.388
2025-01-23 01:30:00,0.407
2025-01-23 01:45:00,0.476
2025-01-23 02:00:00,0.400
2025-01-23 02:15:00,0.415
2025-01-23 02:30:00,0.568
2025-01-23 02:45:00,0.436
2025-01-23 03:00:00,0.286
2025-01-23 03:15:00,0.260
2025-01-23 03:30:00,0.413
2025-01-23 03:45:00,0.529
2025-01-23 04:00:00,0.379
2025-01-23 04:15:00,0.452
2025-01-23 04:30:00,0.394
2025-01-23 04:45:00,0.397
2025-01-23 05:00:00,0.367
2025-01-23 05:15:00,0.384
2025-01-23 05:30:00,0.401
2025-01-23 05:45:00,0.368
2025-01-23 06:00:00,0.504
2025-01-23 06:15:00,0.447
2025-01-23 06:30:00,0.555
2025-01-23 06:45:00,0.0794
2025-01-23 07:00:00,0.732
2025-01-23 07:15:00,1.04
2025-01-23 07:30:00,1.67
2025-01-23 07:45:00,1.66
2025-01-23 08:00:00,1.61
2025-01-23 08:15:00,1.51
2025-01-23 08:30:00,1.99
2025-01-23 08:45:00,1.62
2025-01-23 09:00:00,1.67
2025-01-23 09:15:00,1.75
2025-01-23 09:30:00,1.93
2025-01-23 09:45:00,1.92
2025-01-23 10:00:00,1.98
2025-01-23 10:15:00,1.81
2025-01-23 10:30:00,1.79
2025-01-23 10:45:00,1.67
2025-01-23 11:00:00,1.82
2025-01-23 11:15:00,1.72
2025-01-23 11:30:00,1.75
2025-01-23 11:45:00,1.83
2025-01-23 12:00:00,2.07
2025-01-23 12:15:00,2.27
2025-01-23 12:30:00,2.33
2025-01-23 12:45:00,2.31
2025-01-23 13:00:00,2.12
2025-01-23 13:15:00,2.25
2025-01-23 13:30:00,2.07
2025-01-23 13:45:00,1.91
2025-01-23 14:00:00,1.44
2025-01-23 14:15:00,1.43
2025-01-23 14:30:00,1.18
2025-01-23 14:45:00,1.12
2025-01-23 15:00:00,1.41
2025-01-23 15:15:00,1.52
2025-01-23 15:30:00,1.50
2025-01-23 15:45:00,1.46
2025-01-23 16:00:00,1.49
2025-01-23 16:15:00,1.34
2025-01-23 16:30:00,1.42
2025-01-23 16:45:00,1.55
2025-01-23 17:00:00,1.61
2025-01-23 17:15:00,1.49
2025-01-23 17:30:00,1.02
2025-01-23 17:45:00,0.721
2025-01-23 18:00:00,0.535
2025-01-23 18:15:00,0.452
2025-01-23 18:30:00,0.565
2025-01-23 18:45:00,0.628
2025-01-23 19:00:00,0.485
2025-01-23 19:15:00,0.426
2025-01-23 19:30:00,0.487
2025-01-23 19:45:00,0.519
2025-01-23 20:00:00,0.462
2025-01-23 20:15:00,0.521
2025-01-23 20:30:00,0.514
2025-01-23 20:45:00,0.563
2025-01-23 21:00:00,0.461
2025-01-23 21:15:00,0.534
2025-01-23 21:30:00,0.501
2025-01-23 21:45:00,0.552
2025-01-23 22:00:00,0.387
2025-01-23 22:15:00,0.369
2025-01-23 22:30:00,0.456
2025-01-23 22:45:00,0.536
2025-01-23 23:00:00,0.467
2025-01-23 23:15:00,0.505
2025-01-23 23:30:00,0.491
2025-01-23 23:45:00,0.478
2025-01-24 00:00:00,0.463
2025-01-24 00:15:00,0.473
2025-01-24 00:30:00,0.529
2025-01-24 00:45:00,0.644
2025-01-24 01:00:00,0.414
2025-01-24 01:15:00,0.490
2025-01-24 01:30:00,0.617
2025-01-24 01:45:00,0.388
2025-01-24 02:00:00,0.389
2025-01-24 02:15:00,0.647
2025-01-24 02:30:00,0.626
2025-01-24 02:45:00,0.526
2025-01-24 03:00:00,0.482
2025-01-24 03:15:00,0.491
2025-01-24 03:30:00,0.521
2025-01-24 03:45:00,0.493
2025-01-24 04:00:00,0.459
2025-01-24 04:15:00,0.667
2025-01-24 04:30:00,0.458
2025-01-24 04:45:00,0.425
2025-01-24 05:00:00,0.423
2025-01-24 05:15:00,0.600
2025-01-24 05:30:00,0.517
2025-01-24 05:45:00,0.488
2025-01-24 06:00:00,0.559
2025-01-24 06:15:00,0.534
2025-01-24 06:30:00,0.462
2025-01-24 06:45:00,0.313
2025-01-24 07:00:00,1.11
2025-01-24 07:15:00,0.856
2025-01-24 07:30:00,0.822
2025-01-24 07:45:00,1.99
2025-01-24 08:00:00,1.91
2025-01-24 08:15:00,1.66
2025-01-24 08:30:00,1.43
2025-01-24 08:45:00,1.48
2025-01-24 09:00:00,1.73
2025-01-24 09:15:00,1.61
2025-01-24 09:30:00,1.48
2025-01-24 09:45:00,1.65
2025-01-24 10:00:00,1.81
2025-01-24 10:15:00,1.75
2025-01-24 10:30:00,1.72
2025-01-24 10:45:00,1.66
2025-01-24 11:00:00,1.37
2025-01-24 11:15:00,1.22
2025-01-24 11:30:00,1.20
2025-01-24 11:45:00,1.49
2025-01-24 12:00:00,1.72
2025-01-24 12:15:00,1.73
2025-01-24 12:30:00,1.55
2025-01-24 12:45:00,1.43
2025-01-24 13:00:00,1.97
2025-01-24 13:15:00,2.05
2025-01-24 13:30:00,2.04
2025-01-24 13:45:00,1.95
2025-01-24 14:00:00,2.00
2025-01-24 14:15:00,2.25
2025-01-24 14:30:00,2.51
2025-01-24 14:45:00,2.01
2025-01-24 15:00:00,1.58
2025-01-24 15:15:00,1.29
2025-01-24 15:30:00,1.45
2025-01-24 15:45:00,1.40
2025-01-24 16:00:00,1.57
2025-01-24 16:15:00,1.01
2025-01-24 16:30:00,1.04
2025-01-24 16:45:00,1.50
2025-01-24 17:00:00,1.66
2025-01-24 17:15:00,1.68
2025-01-24 17:30:00,1.35
2025-01-24 17:45:00,0.891
2025-01-24 18:00:00,0.913
2025-01-24 18:15:00,0.932
2025-01-24 18:30:00,0.845
2025-01-24 18:45:00,0.900
2025-01-24 19:00:00,0.989
2025-01-24 19:15:00,0.884
2025-01-24 19:30:00,0.845
2025-01-24 19:45:00,0.805
2025-01-24 20:00:00,0.888
2025-01-24 20:15:00,0.825
2025-01-24 20:30:00,0.845
2025-01-24 20:45:00,0.874
2025-01-24 21:00:00,0.911
2025-01-24 21:15:00,0.906
2025-01-24 21:30:00,0.888
2025-01-24 21:45:00,0.895
2025-01-24 22:00:00,0.982
2025-01-24 22:15:00,0.947
2025-01-24 22:30:00,0.972
2025-01-24 22:45:00,1.10
2025-01-24 23:00:00,0.952
2025-01-24 23:15:00,0.887
2025-01-24 23:30:00,1.08
2025-01-24 23:45:00,0.943
2025-01-25 00:00:00,0.828
2025-01-25 00:15:00,0.907
2025-01-25 00:30:00,0.977
2025-01-25 00:45:00,0.863
2025-01-25 01:00:00,0.885
2025-01-25 01:15:00,0.898
2025-01-25 01:30:00,1.02
2025-01-25 01:45:00,0.940
2025-01-25 02:00:00,0.901
2025-01-25 02:15:00,0.962
2025-01-25 02:30:00,1.06
2025-01-25 02:45:00,0.951
2025-01-25 03:00:00,0.934
2025-01-25 03:15:00,0.985
2025-01-25 03:30:00,0.849
2025-01-25 03:45:00,0.884
2025-01-25 04:00:00,1.02
2025-01-25 04:15:00,1.12
2025-01-25 04:30:00,1.01
2025-01-25 04:45:00,0.879
2025-01-25 05:00:00,0.934
2025-01-25 05:15:00,0.988
2025-01-25 05:30:00,0.950
2025-01-25 05:45:00,1.06
2025-01-25 06:00:00,0.952
2025-01-25 06:15:00,0.929
2025-01-25 06:30:00,0.872
2025-01-25 06:45:00,0.730
2025-01-25 07:00:00,0.598
2025-01-25 07:15:00,0.646
2025-01-25 07:30:00,0.581
2025-01-25 07:45:00,0.600
2025-01-25 08:00:00,1.74
2025-01-25 08:15:00,1.72
2025-01-25 08:30:00,1.82
2025-01-25 08:45:00,1.80
2025-01-25 09:00:00,1.69
2025-01-25 09:15:00,1.50
2025-01-25 09:30:00,0.864
2025-01-25 09:45:00,1.81
2025-01-25 10:00:00,1.80
2025-01-25 10:15:00,1.75
2025-01-25 10:30:00,1.29
2025-01-25 10:45:00,1.35
2025-01-25 11:00:00,1.75
2025-01-25 11:15:00,1.79
2025-01-25 11:30:00,1.77
2025-01-25 11:45:00,1.08
2025-01-25 12:00:00,1.12
2025-01-25 12:15:00,1.57
2025-01-25 12:30:00,1.77
2025-01-25 12:45:00,1.69
2025-01-25 13:00:00,1.58
2025-01-25 13:15:00,1.60
2025-01-25 13:30:00,1.53
2025-01-25 13:45:00,1.47
2025-01-25 14:00:00,1.48
2025-01-25 14:15:00,1.59
2025-01-25 14:30:00,1.35
2025-01-25 14:45:00,1.32
2025-01-25 15:00:00,1.35
2025-01-25 15:15:00,1.55
2025-01-25 15:30:00,1.53
2025-01-25 15:45:00,1.49
2025-01-25 16:00:00,1.47
2025-01-25 16:15:00,1.45
2025-01-25 16:30:00,1.30
2025-01-25 16:45:00,1.29
2025-01-25 17:00:00,1.36
2025-01-25 17:15:00,1.34
2025-01-25 17:30:00,1.03
2025-01-25 17:45:00,0.501
2025-01-25 18:00:00,0.459
2025-01-25 18:15:00,0.432
2025-01-25 18:30:00,0.363
2025-01-25 18:45:00,0.446
2025-01-25 19:00:00,0.502
2025-01-25 19:15:00,0.449
2025-01-25 19:30:00,0.437
2025-01-25 19:45:00,0.466
2025-01-25 20:00:00,0.378
2025-01-25 20:15:00,0.359
2025-01-25 20:30:00,0.433
2025-01-25 20:45:00,0.394
2025-01-25 21:00:00,0.478
2025-01-25 21:15:00,0.465
2025-01-25 21:30:00,0.525
2025-01-25 21:45:00,0.488
2025-01-25 22:00:00,0.469
2025-01-25 22:15:00,0.460
2025-01-25 22:30:00,0.606
2025-01-25 22:45:00,0.504
2025-01-25 23:00:00,0.450
2025-01-25 23:15:00,0.507
2025-01-25 23:30:00,0.568
2025-01-25 23:45:00,0.500
2025-01-26 00:00:00,0.454
2025-01-26 00:15:00,0.491
2025-01-26 00:30:00,0.544
2025-01-26 00:45:00,0.426
2025-01-26 01:00:00,0.536
2025-01-26 01:15:00,0.611
2025-01-26 01:30:00,0.432
2025-01-26 01:45:00,0.423
2025-01-26 02:00:00,0.408
2025-01-26 02:15:00,0.566
2025-01-26 02:30:00,0.520
2025-01-26 02:45:00,0.468
2025-01-26 03:00:00,0.462
2025-01-26 03:15:00,0.530
2025-01-26 03:30:00,0.460
2025-01-26 03:45:00,0.391
2025-01-26 04:00:00,0.682
2025-01-26 04:15:00,0.521
2025-01-26 04:30:00,0.439
2025-01-26 04:45:00,0.433
2025-01-26 05:00:00,0.453
2025-01-26 05:15:00,0.503
2025-01-26 05:30:00,0.515
2025-01-26 05:45:00,0.532
2025-01-26 06:00:00,0.550
2025-01-26 06:15:00,0.541
2025-01-26 06:30:00,0.492
2025-01-26 06:45:00,0.575
2025-01-26 07:00:00,0.678
2025-01-26 07:15:00,0.535
2025-01-26 07:30:00,0.595
2025-01-26 07:45:00,0.567
2025-01-26 08:00:00,0.609
2025-01-26 08:15:00,0.579
2025-01-26 08:30:00,0.661
2025-01-26 08:45:00,0.662
2025-01-26 09:00:00,0.617
2025-01-26 09:15:00,0.595
2025-01-26 09:30:00,0.564
2025-01-26 09:45:00,0.560
2025-01-26 10:00:00,0.550
2025-01-26 10:15:00,0.552
2025-01-26 10:30:00,0.499
2025-01-26 10:45:00,0.603
2025-01-26 11:00:00,0.624
2025-01-26 11:15:00,0.447
2025-01-26 11:30:00,0.497
2025-01-26 11:45:00,0.632
2025-01-26 12:00:00,0.468
2025-01-26 12:15:00,0.530
2025-01-26 12:30:00,0.589
2025-01-26 12:45:00,0.612
2025-01-26 13:00:00,0.565
2025-01-26 13:15:00,0.583
2025-01-26 13:30:00,0.551
2025-01-26 13:45:00,0.657
2025-01-26 14:00:00,0.502
2025-01-26 14:15:00,0.548
2025-01-26 14:30:00,0.597
2025-01-26 14:45:00,0.612
2025-01-26 15:00:00,0.538
2025-01-26 15:15:00,0.535
2025-01-26 15:30:00,0.558
2025-01-26 15:45:00,0.505
2025-01-26 16:00:00,0.529
2025-01-26 16:15:00,0.554
2025-01-26 16:30:00,0.618
2025-01-26 16:45:00,0.483
2025-01-26 17:00:00,0.438
2025-01-26 17:15:00,0.510
2025-01-26 17:30:00,0.531
2025-01-26 17:45:00,0.615
2025-01-26 18:00:00,0.512
2025-01-26 18:15:00,0.526
2025-01-26 18:30:00,0.496
2025-01-26 18:45:00,0.447
2025-01-26 19:00:00,0.496
2025-01-26 19:15:00,0.663
2025-01-26 19:30:00,0.464
2025-01-26 19:45:00,0.355
2025-01-26 20:00:00,0.439
2025-01-26 20:15:00,0.435
2025-01-26 20:30:00,0.392
2025-01-26 20:45:00,0.534
2025-01-26 21:00:00,0.452
2025-01-26 21:15:00,0.462
2025-01-26 21:30:00,0.362
2025-01-26 21:45:00,0.423
2025-01-26 22:00:00,0.511
2025-01-26 22:15:00,0.488
2025-01-26 22:30:00,0.402
2025-01-26 22:45:00,0.489
2025-01-26 23:00:00,0.504
2025-01-26 23:15:00,0.423
2025-01-26 23:30:00,0.528
2025-01-26 23:45:00,0.592
2025-01-27 00:00:00,0.438
2025-01-27 00:15:00,0.432
2025-01-27 00:30:00,0.498
2025-01-27 00:45:00,0.577
2025-01-27 01:00:00,0.543
2025-01-27 01:15:00,0.523
2025-01-27 01:30:00,0.584
2025-01-27 01:45:00,0.477
2025-01-27 02:00:00,0.465
2025-01-27 02:15:00,0.565
2025-01-27 02:30:00,0.658
2025-01-27 02:45:00,0.544
2025-01-27 03:00:00,0.461
2025-01-27 03:15:00,0.543
2025-01-27 03:30:00,0.485
2025-01-27 03:45:00,0.548
2025-01-27 04:00:00,0.503
2025-01-27 04:15:00,0.638
2025-01-27 04:30:00,0.481
2025-01-27 04:45:00,0.469
2025-01-27 05:00:00,0.542
2025-01-27 05:15:00,0.569
2025-01-27 05:30:00,0.435
2025-01-27 05:45:00,0.543
2025-01-27 06:00:00,0.646
2025-01-27 06:15:00,0.497
2025-01-27 06:30:00,0.522
2025-01-27 06:45:00,-0.18
2025-01-27 07:00:00,-0.38
2025-01-27 07:15:00,-0.55
2025-01-27 07:30:00,0.367
2025-01-27 07:45:00,0.348
2025-01-27 08:00:00,0.230
2025-01-27 08:15:00,0.259
2025-01-27 08:30:00,0.693
2025-01-27 08:45:00,1.10
2025-01-27 09:00:00,1.18
2025-01-27 09:15:00,1.50
2025-01-27 09:30:00,1.31
2025-01-27 09:45:00,1.05
2025-01-27 10:00:00,0.969
2025-01-27 10:15:00,1.08
2025-01-27 10:30:00,1.68
2025-01-27 10:45:00,1.73
2025-01-27 11:00:00,1.73
2025-01-27 11:15:00,1.80
2025-01-27 11:30:00,1.74
2025-01-27 11:45:00,2.18
2025-01-27 12:00:00,2.37
2025-01-27 12:15:00,2.26
2025-01-27 12:30:00,2.42
2025-01-27 12:45:00,2.73
2025-01-27 13:00:00,2.99
2025-01-27 13:15:00,2.79
2025-01-27 13:30:00,1.88
2025-01-27 13:45:00,1.95
2025-01-27 14:00:00,1.11
2025-01-27 14:15:00,1.02
2025-01-27 14:30:00,1.06
2025-01-27 14:45:00,1.23
2025-01-27 15:00:00,1.44
2025-01-27 15:15:00,1.94
2025-01-27 15:30:00,1.90
2025-01-27 15:45:00,1.66
2025-01-27 16:00:00,1.62
2025-01-27 16:15:00,1.69
2025-01-27 16:30:00,1.83
2025-01-27 16:45:00,1.76
2025-01-27 17:00:00,1.76
2025-01-27 17:15:00,1.78
2025-01-27 17:30:00,1.85
2025-01-27 17:45:00,1.09
2025-01-27 18:00:00,0.498
2025-01-27 18:15:00,0.607
2025-01-27 18:30:00,0.559
2025-01-27 18:45:00,0.564
2025-01-27 19:00:00,0.468
2025-01-27 19:15:00,0.542
2025-01-27 19:30:00,0.500
2025-01-27 19:45:00,0.400
2025-01-27 20:00:00,0.558
2025-01-27 20:15:00,0.636
2025-01-27 20:30:00,0.505
2025-01-27 20:45:00,0.377
2025-01-27 21:00:00,0.455
2025-01-27 21:15:00,0.468
2025-01-27 21:30:00,0.420
2025-01-27 21:45:00,0.428
2025-01-27 22:00:00,0.491
2025-01-27 22:15:00,0.437
2025-01-27 22:30:00,0.344
2025-01-27 22:45:00,0.493
2025-01-27 23:00:00,0.518
2025-01-27 23:15:00,0.464
2025-01-27 23:30:00,0.504
2025-01-27 23:45:00,0.457
2025-01-28 00:00:00,0.531
2025-01-28 00:15:00,0.573
2025-01-28 00:30:00,0.545
2025-01-28 00:45:00,0.423
2025-01-28 01:00:00,0.520
2025-01-28 01:15:00,0.590
2025-01-28 01:30:00,0.421
2025-01-28 01:45:00,0.532
2025-01-28 02:00:00,0.612
2025-01-28 02:15:00,0.571
2025-01-28 02:30:00,0.468
2025-01-28 02:45:00,0.456
2025-01-28 03:00:00,0.699
2025-01-28 03:15:00,0.444
2025-01-28 03:30:00,0.409
2025-01-28 03:45:00,0.502
2025-01-28 04:00:00,0.532
2025-01-28 04:15:00,0.422
2025-01-28 04:30:00,0.508
2025-01-28 04:45:00,0.629
2025-01-28 05:00:00,0.402
2025-01-28 05:15:00,0.398
2025-01-28 05:30:00,0.469
2025-01-28 05:45:00,0.550
2025-01-28 06:00:00,0.486
2025-01-28 06:15:00,0.494
2025-01-28 06:30:00,0.635
2025-01-28 06:45:00,0.111
2025-01-28 07:00:00,0.404
2025-01-28 07:15:00,0.259
2025-01-28 07:30:00,0.905
2025-01-28 07:45:00,1.37
2025-01-28 08:00:00,1.48
2025-01-28 08:15:00,1.45
2025-01-28 08:30:00,1.50
2025-01-28 08:45:00,1.52
2025-01-28 09:00:00,1.68
2025-01-28 09:15:00,1.50
2025-01-28 09:30:00,1.31
2025-01-28 09:45:00,1.43
2025-01-28 10:00:00,1.56
2025-01-28 10:15:00,1.27
2025-01-28 10:30:00,1.21
2025-01-28 10:45:00,1.26
2025-01-28 11:00:00,1.03
2025-01-28 11:15:00,0.989
2025-01-28 11:30:00,1.05
2025-01-28 11:45:00,1.77
2025-01-28 12:00:00,1.89
2025-01-28 12:15:00,1.86
2025-01-28 12:30:00,2.07
2025-01-28 12:45:00,2.24
2025-01-28 13:00:00,2.62
2025-01-28 13:15:00,2.88
2025-01-28 13:30:00,2.11
2025-01-28 13:45:00,1.91
2025-01-28 14:00:00,1.85
2025-01-28 14:15:00,1.85
2025-01-28 14:30:00,1.99
2025-01-28 14:45:00,1.79
2025-01-28 15:00:00,1.65
2025-01-28 15:15:00,1.18
2025-01-28 15:30:00,0.848
2025-01-28 15:45:00,0.866
2025-01-28 16:00:00,0.731
2025-01-28 16:15:00,0.699
2025-01-28 16:30:00,0.910
2025-01-28 16:45:00,0.915
2025-01-28 17:00:00,0.433
2025-01-28 17:15:00,1.23
2025-01-28 17:30:00,1.28
2025-01-28 17:45:00,0.604
2025-01-28 18:00:00,0.313
2025-01-28 18:15:00,0.315
2025-01-28 18:30:00,0.218
2025-01-28 18:45:00,0.309
2025-01-28 19:00:00,0.518
2025-01-28 19:15:00,0.286
2025-01-28 19:30:00,0.244
2025-01-28 19:45:00,0.290
2025-01-28 20:00:00,0.291
2025-01-28 20:15:00,0.160
2025-01-28 20:30:00,0.229
2025-01-28 20:45:00,0.450
2025-01-28 21:00:00,0.295
2025-01-28 21:15:00,0.222
2025-01-28 21:30:00,0.308
2025-01-28 21:45:00,0.442
2025-01-28 22:00:00,0.366
2025-01-28 22:15:00,0.341
2025-01-28 22:30:00,0.445
2025-01-28 22:45:00,0.428
2025-01-28 23:00:00,0.366
2025-01-28 23:15:00,0.411
2025-01-28 23:30:00,0.529
2025-01-28 23:45:00,0.396
2025-01-29 00:00:00,0.440
2025-01-29 00:15:00,0.563
2025-01-29 00:30:00,0.493
2025-01-29 00:45:00,0.423
2025-01-29 01:00:00,0.472
2025-01-29 01:15:00,0.536
2025-01-29 01:30:00,0.436
2025-01-29 01:45:00,0.502
2025-01-29 02:00:00,0.506
2025-01-29 02:15:00,0.508
2025-01-29 02:30:00,0.508
2025-01-29 02:45:00,0.517
2025-01-29 03:00:00,0.409
2025-01-29 03:15:00,0.485
2025-01-29 03:30:00,0.537
2025-01-29 03:45:00,0.425
2025-01-29 04:00:00,0.447
2025-01-29 04:15:00,0.590
2025-01-29 04:30:00,0.468
2025-01-29 04:45:00,0.479
2025-01-29 05:00:00,0.635
2025-01-29 05:15:00,0.576
2025-01-29 05:30:00,0.441
2025-01-29 05:45:00,0.535
2025-01-29 06:00:00,0.600
2025-01-29 06:15:00,0.460
2025-01-29 06:30:00,0.491
2025-01-29 06:45:00,0.472
2025-01-29 07:00:00,0.772
2025-01-29 07:15:00,0.799
2025-01-29 07:30:00,1.72
2025-01-29 07:45:00,1.33
2025-01-29 08:00:00,2.01
2025-01-29 08:15:00,2.08
2025-01-29 08:30:00,2.15
2025-01-29 08:45:00,2.09
2025-01-29 09:00:00,1.99
2025-01-29 09:15:00,2.09
2025-01-29 09:30:00,2.29
2025-01-29 09:45:00,2.53
2025-01-29 10:00:00,2.75
2025-01-29 10:15:00,2.68
2025-01-29 10:30:00,2.46
2025-01-29 10:45:00,2.49
2025-01-29 11:00:00,3.23
2025-01-29 11:15:00,2.69
2025-01-29 11:30:00,2.73
2025-01-29 11:45:00,2.75
2025-01-29 12:00:00,3.23
2025-01-29 12:15:00,3.12
2025-01-29 12:30:00,2.71
2025-01-29 12:45:00,2.87
2025-01-29 13:00:00,3.10
2025-01-29 13:15:00,2.81
2025-01-29 13:30:00,1.97
2025-01-29 13:45:00,1.85
2025-01-29 14:00:00,1.45
2025-01-29 14:15:00,1.38
2025-01-29 14:30:00,1.29
2025-01-29 14:45:00,1.58
2025-01-29 15:00:00,1.31
2025-01-29 15:15:00,1.37
2025-01-29 15:30:00,1.51
2025-01-29 15:45:00,1.56
2025-01-29 16:00:00,1.50
2025-01-29 16:15:00,1.29
2025-01-29 16:30:00,1.40
2025-01-29 16:45:00,1.66
2025-01-29 17:00:00,1.69
2025-01-29 17:15:00,1.20
2025-01-29 17:30:00,1.35
2025-01-29 17:45:00,1.37
2025-01-29 18:00:00,0.509
2025-01-29 18:15:00,0.606
2025-01-29 18:30:00,0.641
2025-01-29 18:45:00,0.597
2025-01-29 19:00:00,0.528
2025-01-29 19:15:00,0.632
2025-01-29 19:30:00,0.626
2025-01-29 19:45:00,0.465
2025-01-29 20:00:00,0.563
2025-01-29 20:15:00,0.603
2025-01-29 20:30:00,0.508
2025-01-29 20:45:00,0.426
2025-01-29 21:00:00,0.457
2025-01-29 21:15:00,0.522
2025-01-29 21:30:00,0.586
2025-01-29 21:45:00,0.484
2025-01-29 22:00:00,0.536
2025-01-29 22:15:00,0.511
2025-01-29 22:30:00,0.486
2025-01-29 22:45:00,0.458
2025-01-29 23:00:00,0.682
2025-01-29 23:15:00,0.558
2025-01-29 23:30:00,0.533
2025-01-29 23:45:00,0.507
2025-01-30 00:00:00,0.541
2025-01-30 00:15:00,0.532
2025-01-30 00:30:00,0.545
2025-01-30 00:45:00,0.474
2025-01-30 01:00:00,0.623
2025-01-30 01:15:00,0.653
2025-01-30 01:30:00,0.567
2025-01-30 01:45:00,0.542
2025-01-30 02:00:00,0.693
2025-01-30 02:15:00,0.516
2025-01-30 02:30:00,0.587
2025-01-30 02:45:00,0.528
2025-01-30 03:00:00,0.588
2025-01-30 03:15:00,0.528
2025-01-30 03:30:00,0.624
2025-01-30 03:45:00,0.567
2025-01-30 04:00:00,0.559
2025-01-30 04:15:00,0.558
2025-01-30 04:30:00,0.510
2025-01-30 04:45:00,0.684
2025-01-30 05:00:00,0.559
2025-01-30 05:15:00,0.500
2025-01-30 05:30:00,0.520
2025-01-30 05:45:00,0.593
2025-01-30 06:00:00,0.607
2025-01-30 06:15:00,0.593
2025-01-30 06:30:00,0.765
2025-01-30 06:45:00,-0.35
2025-01-30 07:00:00,-0.41
2025-01-30 07:15:00,-0.32
2025-01-30 07:30:00,-0.30
2025-01-30 07:45:00,-0.31
2025-01-30 08:00:00,1.41
2025-01-30 08:15:00,2.27
2025-01-30 08:30:00,2.24
2025-01-30 08:45:00,2.10
2025-01-30 09:00:00,2.10
2025-01-30 09:15:00,2.29
2025-01-30 09:30:00,2.17
2025-01-30 09:45:00,2.09
2025-01-30 10:00:00,2.12
2025-01-30 10:15:00,2.20
2025-01-30 10:30:00,2.19
2025-01-30 10:45:00,2.12
2025-01-30 11:00:00,2.40
2025-01-30 11:15:00,2.04
2025-01-30 11:30:00,2.06
2025-01-30 11:45:00,2.40
2025-01-30 12:00:00,2.77
2025-01-30 12:15:00,2.67
2025-01-30 12:30:00,2.85
2025-01-30 12:45:00,2.76
2025-01-30 13:00:00,3.25
2025-01-30 13:15:00,3.43
2025-01-30 13:30:00,2.61
2025-01-30 13:45:00,2.75
2025-01-30 14:00:00,2.70
2025-01-30 14:15:00,1.89
2025-01-30 14:30:00,1.55
2025-01-30 14:45:00,2.13
2025-01-30 15:00:00,2.30
2025-01-30 15:15:00,2.29
2025-01-30 15:30:00,1.69
2025-01-30 15:45:00,1.45
2025-01-30 16:00:00,1.33
2025-01-30 16:15:00,1.29
2025-01-30 16:30:00,1.44
2025-01-30 16:45:00,1.41
2025-01-30 17:00:00,1.38
2025-01-30 17:15:00,1.51
2025-01-30 17:30:00,1.63
2025-01-30 17:45:00,1.09
2025-01-30 18:00:00,0.566
2025-01-30 18:15:00,0.485
2025-01-30 18:30:00,0.583
2025-01-30 18:45:00,0.537
2025-01-30 19:00:00,0.462
2025-01-30 19:15:00,0.499
2025-01-30 19:30:00,0.577
2025-01-30 19:45:00,0.504
2025-01-30 20:00:00,0.556
2025-01-30 20:15:00,0.498
2025-01-30 20:30:00,0.502
2025-01-30 20:45:00,0.549
2025-01-30 21:00:00,0.472
2025-01-30 21:15:00,0.426
2025-01-30 21:30:00,0.483
2025-01-30 21:45:00,0.517
2025-01-30 22:00:00,0.409
2025-01-30 22:15:00,0.388
2025-01-30 22:30:00,0.439
2025-01-30 22:45:00,0.572
2025-01-30 23:00:00,0.504
2025-01-30 23:15:00,0.502
2025-01-30 23:30:00,0.515
2025-01-30 23:45:00,0.418
2025-01-31 00:00:00,0.423
2025-01-31 00:15:00,0.430
2025-01-31 00:30:00,0.650
2025-01-31 00:45:00,0.565
2025-01-31 01:00:00,0.464
2025-01-31 01:15:00,0.421
2025-01-31 01:30:00,0.511
2025-01-31 01:45:00,0.541
2025-01-31 02:00:00,0.484
2025-01-31 02:15:00,0.450
2025-01-31 02:30:00,0.597
2025-01-31 02:45:00,0.527
2025-01-31 03:00:00,0.459
2025-01-31 03:15:00,0.527
2025-01-31 03:30:00,0.562
2025-01-31 03:45:00,0.555
2025-01-31 04:00:00,0.557
2025-01-31 04:15:00,0.532
2025-01-31 04:30:00,0.523
2025-01-31 04:45:00,0.579
2025-01-31 05:00:00,0.544
2025-01-31 05:15:00,0.438
2025-01-31 05:30:00,0.547
2025-01-31 05:45:00,0.653
2025-01-31 06:00:00,0.594
2025-01-31 06:15:00,0.591
2025-01-31 06:30:00,0.618
2025-01-31 06:45:00,0.506
2025-01-31 07:00:00,0.646
2025-01-31 07:15:00,0.887
2025-01-31 07:30:00,2.04
2025-01-31 07:45:00,2.29
2025-01-31 08:00:00,2.83
2025-01-31 08:15:00,2.85
2025-01-31 08:30:00,2.97
2025-01-31 08:45:00,2.85
2025-01-31 09:00:00,2.75
2025-01-31 09:15:00,3.01
2025-01-31 09:30:00,2.89
2025-01-31 09:45:00,2.94
2025-01-31 10:00:00,2.80
2025-01-31 10:15:00,2.88
2025-01-31 10:30:00,2.86
2025-01-31 10:45:00,2.74
2025-01-31 11:00:00,2.76
2025-01-31 11:15:00,2.61
2025-01-31 11:30:00,2.23
2025-01-31 11:45:00,2.73
2025-01-31 12:00:00,2.51
2025-01-31 12:15:00,2.54
2025-01-31 12:30:00,2.21
2025-01-31 12:45:00,2.31
2025-01-31 13:00:00,2.99
2025-01-31 13:15:00,2.45
2025-01-31 13:30:00,1.94
2025-01-31 13:45:00,1.89
2025-01-31 14:00:00,0.878
2025-01-31 14:15:00,0.843
2025-01-31 14:30:00,0.705
2025-01-31 14:45:00,0.924
2025-01-31 15:00:00,1.03
2025-01-31 15:15:00,0.997
2025-01-31 15:30:00,0.975
2025-01-31 15:45:00,1.13
2025-01-31 16:00:00,1.10
2025-01-31 16:15:00,1.20
2025-01-31 16:30:00,1.28
2025-01-31 16:45:00,1.35
2025-01-31 17:00:00,1.43
2025-01-31 17:15:00,1.45
2025-01-31 17:30:00,1.55
2025-01-31 17:45:00,0.906
2025-01-31 18:00:00,0.371
2025-01-31 18:15:00,0.369
2025-01-31 18:30:00,0.576
2025-01-31 18:45:00,0.465
2025-01-31 19:00:00,0.412
2025-01-31 19:15:00,0.455
2025-01-31 19:30:00,0.584
2025-01-31 19:45:00,0.462
2025-01-31 20:00:00,0.439
2025-01-31 20:15:00,0.394
2025-01-31 20:30:00,0.432
2025-01-31 20:45:00,0.350
2025-01-31 21:00:00,0.367
2025-01-31 21:15:00,0.442
2025-01-31 21:30:00,0.555
2025-01-31 21:45:00,0.365
2025-01-31 22:00:00,0.377
2025-01-31 22:15:00,0.434
2025-01-31 22:30:00,0.431
2025-01-31 22:45:00,0.521
2025-01-31 23:00:00,0.452
2025-01-31 23:15:00,0.531
2025-01-31 23:30:00,0.419
2025-01-31 23:45:00,0.415

