"Time","Fase C"
2025-11-01 00:00:00,-0.29
2025-11-01 00:15:00,-0.31
2025-11-01 00:30:00,-0.29
2025-11-01 00:45:00,-0.24
2025-11-01 01:00:00,-0.20
2025-11-01 01:15:00,-0.19
2025-11-01 01:30:00,-0.23
2025-11-01 01:45:00,-0.25
2025-11-01 02:00:00,-0.30
2025-11-01 02:15:00,-0.31
2025-11-01 02:30:00,-0.29
2025-11-01 02:45:00,-0.31
2025-11-01 03:00:00,-0.31
2025-11-01 03:15:00,-0.23
2025-11-01 03:30:00,-0.12
2025-11-01 03:45:00,-0.18
2025-11-01 04:00:00,-0.31
2025-11-01 04:15:00,-0.31
2025-11-01 04:30:00,-0.28
2025-11-01 04:45:00,-0.31
2025-11-01 05:00:00,-0.31
2025-11-01 05:15:00,-0.29
2025-11-01 05:30:00,-0.24
2025-11-01 05:45:00,-0.14
2025-11-01 06:00:00,0.231
2025-11-01 06:15:00,0.157
2025-11-01 06:30:00,0.112
2025-11-01 06:45:00,0.0900
2025-11-01 07:00:00,0.0906
2025-11-01 07:15:00,0.0880
2025-11-01 07:30:00,0.136
2025-11-01 07:45:00,0.173
2025-11-01 08:00:00,0.00500
2025-11-01 08:15:00,-0.0021
2025-11-01 08:30:00,0.113
2025-11-01 08:45:00,0.0539
2025-11-01 09:00:00,-0.0032
2025-11-01 09:15:00,0.00286
2025-11-01 09:30:00,0.0407
2025-11-01 09:45:00,0.0879
2025-11-01 10:00:00,0.0383
2025-11-01 10:15:00,0.00163
2025-11-01 10:30:00,0.0310
2025-11-01 10:45:00,0.0344
2025-11-01 11:00:00,0.111
2025-11-01 11:15:00,0.0644
2025-11-01 11:30:00,0.0571
2025-11-01 11:45:00,0.131
2025-11-01 12:00:00,0.0866
2025-11-01 12:15:00,0.0727
2025-11-01 12:30:00,0.0820
2025-11-01 12:45:00,0.0615
2025-11-01 13:00:00,0.0856
2025-11-01 13:15:00,0.0775
2025-11-01 13:30:00,0.251
2025-11-01 13:45:00,0.208
2025-11-01 14:00:00,0.0600
2025-11-01 14:15:00,0.0708
2025-11-01 14:30:00,0.0688
2025-11-01 14:45:00,0.0612
2025-11-01 15:00:00,0.136
2025-11-01 15:15:00,0.148
2025-11-01 15:30:00,0.147
2025-11-01 15:45:00,0.109
2025-11-01 16:00:00,0.174
2025-11-01 16:15:00,0.152
2025-11-01 16:30:00,0.0664
2025-11-01 16:45:00,0.0826
2025-11-01 17:00:00,0.0767
2025-11-01 17:15:00,0.148
2025-11-01 17:30:00,0.165
2025-11-01 17:45:00,0.0952
2025-11-01 18:00:00,0.0945
2025-11-01 18:15:00,0.0843
2025-11-01 18:30:00,0.181
2025-11-01 18:45:00,0.170
2025-11-01 19:00:00,-0.24
2025-11-01 19:15:00,-0.22
2025-11-01 19:30:00,-0.25
2025-11-01 19:45:00,-0.28
2025-11-01 20:00:00,-0.31
2025-11-01 20:15:00,-0.31
2025-11-01 20:30:00,-0.29
2025-11-01 20:45:00,-0.30
2025-11-01 21:00:00,-0.17
2025-11-01 21:15:00,-0.14
2025-11-01 21:30:00,-0.22
2025-11-01 21:45:00,-0.28
2025-11-01 22:00:00,-0.31
2025-11-01 22:15:00,-0.29
2025-11-01 22:30:00,-0.32
2025-11-01 22:45:00,-0.29
2025-11-01 23:00:00,-0.32
2025-11-01 23:15:00,-0.20
2025-11-01 23:30:00,-0.10
2025-11-01 23:45:00,-0.20
2025-11-02 00:00:00,-0.29
2025-11-02 00:15:00,-0.32
2025-11-02 00:30:00,-0.29
2025-11-02 00:45:00,-0.31
2025-11-02 01:00:00,-0.31
2025-11-02 01:15:00,-0.26
2025-11-02 01:30:00,-0.23
2025-11-02 01:45:00,-0.19
2025-11-02 02:00:00,-0.17
2025-11-02 02:15:00,-0.21
2025-11-02 02:30:00,-0.31
2025-11-02 02:45:00,-0.30
2025-11-02 03:00:00,-0.30
2025-11-02 03:15:00,-0.32
2025-11-02 03:30:00,-0.27
2025-11-02 03:45:00,-0.25
2025-11-02 04:00:00,-0.23
2025-11-02 04:15:00,-0.28
2025-11-02 04:30:00,-0.20
2025-11-02 04:45:00,-0.27
2025-11-02 05:00:00,-0.32
2025-11-02 05:15:00,-0.30
2025-11-02 05:30:00,-0.25
2025-11-02 05:45:00,0.0425
2025-11-02 06:00:00,0.112
2025-11-02 06:15:00,0.0860
2025-11-02 06:30:00,0.0867
2025-11-02 06:45:00,0.103
2025-11-02 07:00:00,0.210
2025-11-02 07:15:00,0.130
2025-11-02 07:30:00,0.135
2025-11-02 07:45:00,0.150
2025-11-02 08:00:00,0.162
2025-11-02 08:15:00,0.0744
2025-11-02 08:30:00,0.0738
2025-11-02 08:45:00,0.0979
2025-11-02 09:00:00,0.0700
2025-11-02 09:15:00,0.131
2025-11-02 09:30:00,0.210
2025-11-02 09:45:00,0.341
2025-11-02 10:00:00,0.386
2025-11-02 10:15:00,0.236
2025-11-02 10:30:00,0.0715
2025-11-02 10:45:00,0.0606
2025-11-02 11:00:00,0.0893
2025-11-02 11:15:00,0.0600
2025-11-02 11:30:00,0.108
2025-11-02 11:45:00,0.194
2025-11-02 12:00:00,0.273
2025-11-02 12:15:00,0.106
2025-11-02 12:30:00,0.0662
2025-11-02 12:45:00,0.0817
2025-11-02 13:00:00,0.0704
2025-11-02 13:15:00,0.104
2025-11-02 13:30:00,0.101
2025-11-02 13:45:00,0.177
2025-11-02 14:00:00,0.160
2025-11-02 14:15:00,0.180
2025-11-02 14:30:00,0.189
2025-11-02 14:45:00,0.121
2025-11-02 15:00:00,0.0865
2025-11-02 15:15:00,0.0822
2025-11-02 15:30:00,0.153
2025-11-02 15:45:00,0.162
2025-11-02 16:00:00,0.177
2025-11-02 16:15:00,0.0845
2025-11-02 16:30:00,0.0939
2025-11-02 16:45:00,0.159
2025-11-02 17:00:00,0.189
2025-11-02 17:15:00,0.0822
2025-11-02 17:30:00,0.0925
2025-11-02 17:45:00,0.158
2025-11-02 18:00:00,0.151
2025-11-02 18:15:00,0.0896
2025-11-02 18:30:00,0.0700
2025-11-02 18:45:00,0.0965
2025-11-02 19:00:00,-0.095
2025-11-02 19:15:00,-0.14
2025-11-02 19:30:00,-0.15
2025-11-02 19:45:00,-0.22
2025-11-02 20:00:00,-0.30
2025-11-02 20:15:00,-0.30
2025-11-02 20:30:00,-0.32
2025-11-02 20:45:00,-0.31
2025-11-02 21:00:00,-0.31
2025-11-02 21:15:00,-0.31
2025-11-02 21:30:00,-0.19
2025-11-02 21:45:00,-0.12
2025-11-02 22:00:00,-0.15
2025-11-02 22:15:00,-0.31
2025-11-02 22:30:00,-0.29
2025-11-02 22:45:00,-0.31
2025-11-02 23:00:00,-0.29
2025-11-02 23:15:00,-0.31
2025-11-02 23:30:00,-0.24
2025-11-02 23:45:00,-0.23
2025-11-03 00:00:00,-0.25
2025-11-03 00:15:00,-0.18
2025-11-03 00:30:00,-0.24
2025-11-03 00:45:00,-0.29
2025-11-03 01:00:00,-0.31
2025-11-03 01:15:00,-0.21
2025-11-03 01:30:00,-0.23
2025-11-03 01:45:00,-0.22
2025-11-03 02:00:00,-0.31
2025-11-03 02:15:00,-0.30
2025-11-03 02:30:00,-0.25
2025-11-03 02:45:00,-0.19
2025-11-03 03:00:00,-0.26
2025-11-03 03:15:00,-0.28
2025-11-03 03:30:00,-0.22
2025-11-03 03:45:00,-0.27
2025-11-03 04:00:00,-0.29
2025-11-03 04:15:00,-0.31
2025-11-03 04:30:00,-0.28
2025-11-03 04:45:00,-0.28
2025-11-03 05:00:00,-0.11
2025-11-03 05:15:00,-0.15
2025-11-03 05:30:00,-0.29
2025-11-03 05:45:00,0.0332
2025-11-03 06:00:00,0.0964
2025-11-03 06:15:00,0.102
2025-11-03 06:30:00,0.0800
2025-11-03 06:45:00,0.151
2025-11-03 07:00:00,0.151
2025-11-03 07:15:00,0.174
2025-11-03 07:30:00,0.203
2025-11-03 07:45:00,0.195
2025-11-03 08:00:00,0.0988
2025-11-03 08:15:00,0.193
2025-11-03 08:30:00,0.202
2025-11-03 08:45:00,0.213
2025-11-03 09:00:00,0.263
2025-11-03 09:15:00,0.241
2025-11-03 09:30:00,0.220
2025-11-03 09:45:00,0.179
2025-11-03 10:00:00,0.270
2025-11-03 10:15:00,0.197
2025-11-03 10:30:00,0.153
2025-11-03 10:45:00,0.275
2025-11-03 11:00:00,0.432
2025-11-03 11:15:00,0.351
2025-11-03 11:30:00,0.205
2025-11-03 11:45:00,0.134
2025-11-03 12:00:00,0.0756
2025-11-03 12:15:00,0.0394
2025-11-03 12:30:00,0.127
2025-11-03 12:45:00,0.0812
2025-11-03 13:00:00,0.0355
2025-11-03 13:15:00,0.124
2025-11-03 13:30:00,0.108
2025-11-03 13:45:00,0.0988
2025-11-03 14:00:00,0.0618
2025-11-03 14:15:00,0.0722
2025-11-03 14:30:00,0.0565
2025-11-03 14:45:00,0.149
2025-11-03 15:00:00,0.184
2025-11-03 15:15:00,0.164
2025-11-03 15:30:00,0.176
2025-11-03 15:45:00,0.101
2025-11-03 16:00:00,0.0421
2025-11-03 16:15:00,-0.013
2025-11-03 16:30:00,0.0686
2025-11-03 16:45:00,0.0331
2025-11-03 17:00:00,0.0863
2025-11-03 17:15:00,0.193
2025-11-03 17:30:00,0.234
2025-11-03 17:45:00,0.129
2025-11-03 18:00:00,0.0382
2025-11-03 18:15:00,0.00133
2025-11-03 18:30:00,0.0246
2025-11-03 18:45:00,0.0295
2025-11-03 19:00:00,-0.10
2025-11-03 19:15:00,-0.33
2025-11-03 19:30:00,-0.20
2025-11-03 19:45:00,-0.16
2025-11-03 20:00:00,-0.37
2025-11-03 20:15:00,-0.36
2025-11-03 20:30:00,-0.38
2025-11-03 20:45:00,-0.35
2025-11-03 21:00:00,-0.38
2025-11-03 21:15:00,-0.33
2025-11-03 21:30:00,-0.30
2025-11-03 21:45:00,-0.26
2025-11-03 22:00:00,-0.22
2025-11-03 22:15:00,-0.24
2025-11-03 22:30:00,-0.35
2025-11-03 22:45:00,-0.32
2025-11-03 23:00:00,-0.32
2025-11-03 23:15:00,-0.29
2025-11-03 23:30:00,-0.24
2025-11-03 23:45:00,-0.24
2025-11-04 00:00:00,-0.25
2025-11-04 00:15:00,-0.25
2025-11-04 00:30:00,-0.20
2025-11-04 00:45:00,-0.12
2025-11-04 01:00:00,-0.083
2025-11-04 01:15:00,-0.13
2025-11-04 01:30:00,-0.26
2025-11-04 01:45:00,-0.25
2025-11-04 02:00:00,-0.23
2025-11-04 02:15:00,-0.33
2025-11-04 02:30:00,-0.31
2025-11-04 02:45:00,-0.22
2025-11-04 03:00:00,-0.20
2025-11-04 03:15:00,-0.31
2025-11-04 03:30:00,-0.32
2025-11-04 03:45:00,-0.23
2025-11-04 04:00:00,-0.25
2025-11-04 04:15:00,-0.27
2025-11-04 04:30:00,-0.33
2025-11-04 04:45:00,-0.31
2025-11-04 05:00:00,-0.30
2025-11-04 05:15:00,-0.20
2025-11-04 05:30:00,-0.26
2025-11-04 05:45:00,-0.014
2025-11-04 06:00:00,0.160
2025-11-04 06:15:00,0.136
2025-11-04 06:30:00,0.0770
2025-11-04 06:45:00,0.0600
2025-11-04 07:00:00,0.0917
2025-11-04 07:15:00,0.0600
2025-11-04 07:30:00,0.159
2025-11-04 07:45:00,0.234
2025-11-04 08:00:00,0.187
2025-11-04 08:15:00,0.333
2025-11-04 08:30:00,0.311
2025-11-04 08:45:00,0.176
2025-11-04 09:00:00,0.107
2025-11-04 09:15:00,0.0914
2025-11-04 09:30:00,0.0746
2025-11-04 09:45:00,0.168
2025-11-04 10:00:00,0.281
2025-11-04 10:15:00,0.179
2025-11-04 10:30:00,0.0633
2025-11-04 10:45:00,0.0491
2025-11-04 11:00:00,0.0396
2025-11-04 11:15:00,0.0269
2025-11-04 11:30:00,0.0370
2025-11-04 11:45:00,0.0881
2025-11-04 12:00:00,0.105
2025-11-04 12:15:00,0.148
2025-11-04 12:30:00,0.215
2025-11-04 12:45:00,0.122
2025-11-04 13:00:00,0.0938
2025-11-04 13:15:00,0.0739
2025-11-04 13:30:00,0.0659
2025-11-04 13:45:00,0.211
2025-11-04 14:00:00,0.375
2025-11-04 14:15:00,0.232
2025-11-04 14:30:00,0.247
2025-11-04 14:45:00,0.343
2025-11-04 15:00:00,0.247
2025-11-04 15:15:00,0.134
2025-11-04 15:30:00,0.164
2025-11-04 15:45:00,0.185
2025-11-04 16:00:00,0.211
2025-11-04 16:15:00,0.288
2025-11-04 16:30:00,0.238
2025-11-04 16:45:00,0.252
2025-11-04 17:00:00,0.252
2025-11-04 17:15:00,0.326
2025-11-04 17:30:00,0.212
2025-11-04 17:45:00,0.0965
2025-11-04 18:00:00,0.0816
2025-11-04 18:15:00,0.101
2025-11-04 18:30:00,0.0949
2025-11-04 18:45:00,0.119
2025-11-04 19:00:00,-0.18
2025-11-04 19:15:00,-0.30
2025-11-04 19:30:00,-0.16
2025-11-04 19:45:00,-0.19
2025-11-04 20:00:00,-0.26
2025-11-04 20:15:00,-0.24
2025-11-04 20:30:00,-0.18
2025-11-04 20:45:00,-0.21
2025-11-04 21:00:00,-0.23
2025-11-04 21:15:00,-0.28
2025-11-04 21:30:00,-0.25
2025-11-04 21:45:00,-0.21
2025-11-04 22:00:00,-0.15
2025-11-04 22:15:00,-0.21
2025-11-04 22:30:00,-0.19
2025-11-04 22:45:00,-0.19
2025-11-04 23:00:00,-0.23
2025-11-04 23:15:00,-0.27
2025-11-04 23:30:00,-0.29
2025-11-04 23:45:00,-0.26
2025-11-05 00:00:00,-0.28
2025-11-05 00:15:00,-0.15
2025-11-05 00:30:00,-0.11
2025-11-05 00:45:00,-0.19
2025-11-05 01:00:00,-0.25
2025-11-05 01:15:00,-0.27
2025-11-05 01:30:00,-0.29
2025-11-05 01:45:00,-0.26
2025-11-05 02:00:00,-0.28
2025-11-05 02:15:00,-0.25
2025-11-05 02:30:00,-0.14
2025-11-05 02:45:00,-0.073
2025-11-05 03:00:00,-0.23
2025-11-05 03:15:00,-0.26
2025-11-05 03:30:00,-0.27
2025-11-05 03:45:00,-0.26
2025-11-05 04:00:00,-0.18
2025-11-05 04:15:00,-0.20
2025-11-05 04:30:00,-0.22
2025-11-05 04:45:00,-0.29
2025-11-05 05:00:00,-0.15
2025-11-05 05:15:00,-0.18
2025-11-05 05:30:00,-0.17
2025-11-05 05:45:00,0.125
2025-11-05 06:00:00,0.232
2025-11-05 06:15:00,0.202
2025-11-05 06:30:00,0.214
2025-11-05 06:45:00,0.120
2025-11-05 07:00:00,0.135
2025-11-05 07:15:00,0.163
2025-11-05 07:30:00,0.227
2025-11-05 07:45:00,0.199
2025-11-05 08:00:00,0.182
2025-11-05 08:15:00,0.277
2025-11-05 08:30:00,0.250
2025-11-05 08:45:00,0.222
2025-11-05 09:00:00,0.174
2025-11-05 09:15:00,0.195
2025-11-05 09:30:00,0.415
2025-11-05 09:45:00,0.547
2025-11-05 10:00:00,0.269
2025-11-05 10:15:00,0.0224
2025-11-05 10:30:00,0.0214
2025-11-05 10:45:00,0.308
2025-11-05 11:00:00,0.195
2025-11-05 11:15:00,0.125
2025-11-05 11:30:00,0.100
2025-11-05 11:45:00,-0.031
2025-11-05 12:00:00,-0.010
2025-11-05 12:15:00,0.0800
2025-11-05 12:30:00,0.116
2025-11-05 12:45:00,0.0716
2025-11-05 13:00:00,0.179
2025-11-05 13:15:00,0.167
2025-11-05 13:30:00,0.114
2025-11-05 13:45:00,0.0530
2025-11-05 14:00:00,0.0458
2025-11-05 14:15:00,0.0385
2025-11-05 14:30:00,0.0378
2025-11-05 14:45:00,0.0639
2025-11-05 15:00:00,-0.034
2025-11-05 15:15:00,0.240
2025-11-05 15:30:00,0.384
2025-11-05 15:45:00,0.256
2025-11-05 16:00:00,0.0197
2025-11-05 16:15:00,0.0200
2025-11-05 16:30:00,0
2025-11-05 16:45:00,0.0200
2025-11-05 17:00:00,0.00625
2025-11-05 17:15:00,0.0342
2025-11-05 17:30:00,0.0295
2025-11-05 17:45:00,0.102
2025-11-05 18:00:00,0.134
2025-11-05 18:15:00,0.0681
2025-11-05 18:30:00,0.0162
2025-11-05 18:45:00,0.00625
2025-11-05 19:00:00,0.0469
2025-11-05 19:15:00,-0.26
2025-11-05 19:30:00,-0.33
2025-11-05 19:45:00,-0.35
2025-11-05 20:00:00,-0.32
2025-11-05 20:15:00,-0.26
2025-11-05 20:30:00,-0.20
2025-11-05 20:45:00,-0.34
2025-11-05 21:00:00,-0.33
2025-11-05 21:15:00,-0.32
2025-11-05 21:30:00,-0.30
2025-11-05 21:45:00,-0.31
2025-11-05 22:00:00,-0.31
2025-11-05 22:15:00,-0.30
2025-11-05 22:30:00,-0.27
2025-11-05 22:45:00,-0.16
2025-11-05 23:00:00,-0.21
2025-11-05 23:15:00,-0.27
2025-11-05 23:30:00,-0.29
2025-11-05 23:45:00,-0.27
2025-11-06 00:00:00,-0.29
2025-11-06 00:15:00,-0.26
2025-11-06 00:30:00,-0.29
2025-11-06 00:45:00,-0.26
2025-11-06 01:00:00,-0.19
2025-11-06 01:15:00,-0.17
2025-11-06 01:30:00,-0.25
2025-11-06 01:45:00,-0.29
2025-11-06 02:00:00,-0.26
2025-11-06 02:15:00,-0.29
2025-11-06 02:30:00,-0.26
2025-11-06 02:45:00,-0.29
2025-11-06 03:00:00,-0.26
2025-11-06 03:15:00,-0.25
2025-11-06 03:30:00,-0.16
2025-11-06 03:45:00,-0.21
2025-11-06 04:00:00,-0.28
2025-11-06 04:15:00,-0.27
2025-11-06 04:30:00,-0.29
2025-11-06 04:45:00,-0.26
2025-11-06 05:00:00,-0.30
2025-11-06 05:15:00,-0.29
2025-11-06 05:30:00,-0.19
2025-11-06 05:45:00,0.198
2025-11-06 06:00:00,0.199
2025-11-06 06:15:00,0.117
2025-11-06 06:30:00,0.101
2025-11-06 06:45:00,0.0842
2025-11-06 07:00:00,0.106
2025-11-06 07:15:00,0.0797
2025-11-06 07:30:00,0.0577
2025-11-06 07:45:00,0.0300
2025-11-06 08:00:00,0.105
2025-11-06 08:15:00,0.150
2025-11-06 08:30:00,0.128
2025-11-06 08:45:00,0.0657
2025-11-06 09:00:00,0.0776
2025-11-06 09:15:00,0.0754
2025-11-06 09:30:00,0.0681
2025-11-06 09:45:00,0.0858
2025-11-06 10:00:00,0.0595
2025-11-06 10:15:00,0.0677
2025-11-06 10:30:00,0.117
2025-11-06 10:45:00,0.399
2025-11-06 11:00:00,0.285
2025-11-06 11:15:00,0.222
2025-11-06 11:30:00,0.0618
2025-11-06 11:45:00,0.0740
2025-11-06 12:00:00,0.0896
2025-11-06 12:15:00,0.0571
2025-11-06 12:30:00,0.0311
2025-11-06 12:45:00,0.0183
2025-11-06 13:00:00,0.123
2025-11-06 13:15:00,0.0732
2025-11-06 13:30:00,0.0215
2025-11-06 13:45:00,0.00455
2025-11-06 14:00:00,0.0304
2025-11-06 14:15:00,0.148
2025-11-06 14:30:00,0.254
2025-11-06 14:45:00,0.313
2025-11-06 15:00:00,0.300
2025-11-06 15:15:00,0.343
2025-11-06 15:30:00,0.171
2025-11-06 15:45:00,0.100
2025-11-06 16:00:00,0.0459
2025-11-06 16:15:00,0.0623
2025-11-06 16:30:00,0.0420
2025-11-06 16:45:00,0.103
2025-11-06 17:00:00,0.270
2025-11-06 17:15:00,0.258
2025-11-06 17:30:00,0.127
2025-11-06 17:45:00,0.116
2025-11-06 18:00:00,0.138
2025-11-06 18:15:00,0.0285
2025-11-06 18:30:00,0.0432
2025-11-06 18:45:00,0.0433
2025-11-06 19:00:00,0.0612
2025-11-06 19:15:00,-0.25
2025-11-06 19:30:00,-0.33
2025-11-06 19:45:00,-0.34
2025-11-06 20:00:00,-0.32
2025-11-06 20:15:00,-0.25
2025-11-06 20:30:00,-0.35
2025-11-06 20:45:00,-0.37
2025-11-06 21:00:00,-0.40
2025-11-06 21:15:00,-0.39
2025-11-06 21:30:00,-0.40
2025-11-06 21:45:00,-0.39
2025-11-06 22:00:00,-0.31
2025-11-06 22:15:00,-0.32
2025-11-06 22:30:00,-0.21
2025-11-06 22:45:00,-0.21
2025-11-06 23:00:00,-0.28
2025-11-06 23:15:00,-0.32
2025-11-06 23:30:00,-0.30
2025-11-06 23:45:00,-0.31
2025-11-07 00:00:00,-0.32
2025-11-07 00:15:00,-0.29
2025-11-07 00:30:00,-0.32
2025-11-07 00:45:00,-0.29
2025-11-07 01:00:00,-0.21
2025-11-07 01:15:00,-0.22
2025-11-07 01:30:00,-0.32
2025-11-07 01:45:00,-0.29
2025-11-07 02:00:00,-0.31
2025-11-07 02:15:00,-0.32
2025-11-07 02:30:00,-0.29
2025-11-07 02:45:00,-0.32
2025-11-07 03:00:00,-0.30
2025-11-07 03:15:00,-0.28
2025-11-07 03:30:00,-0.20
2025-11-07 03:45:00,-0.27
2025-11-07 04:00:00,-0.32
2025-11-07 04:15:00,-0.32
2025-11-07 04:30:00,-0.33
2025-11-07 04:45:00,-0.30
2025-11-07 05:00:00,-0.33
2025-11-07 05:15:00,-0.32
2025-11-07 05:30:00,-0.33
2025-11-07 05:45:00,-0.24
2025-11-07 06:00:00,-0.21
2025-11-07 06:15:00,-0.31
2025-11-07 06:30:00,-0.31
2025-11-07 06:45:00,-0.33
2025-11-07 07:00:00,-0.31
2025-11-07 07:15:00,0.0590
2025-11-07 07:30:00,0.0800
2025-11-07 07:45:00,0.0594
2025-11-07 08:00:00,0.0207
2025-11-07 08:15:00,0.150
2025-11-07 08:30:00,0.0869
2025-11-07 08:45:00,0.0396
2025-11-07 09:00:00,0.0271
2025-11-07 09:15:00,0.00909
2025-11-07 09:30:00,-0.045
2025-11-07 09:45:00,-0.045
2025-11-07 10:00:00,-0.021
2025-11-07 10:15:00,-0.027
2025-11-07 10:30:00,0.139
2025-11-07 10:45:00,0.311
2025-11-07 11:00:00,0.238
2025-11-07 11:15:00,-0.0015
2025-11-07 11:30:00,-0.0070
2025-11-07 11:45:00,0.0213
2025-11-07 12:00:00,0.0200
2025-11-07 12:15:00,0.0531
2025-11-07 12:30:00,0.0550
2025-11-07 12:45:00,0.0400
2025-11-07 13:00:00,0.133
2025-11-07 13:15:00,0.167
2025-11-07 13:30:00,0.0431
2025-11-07 13:45:00,0.0305
2025-11-07 14:00:00,0.0306
2025-11-07 14:15:00,0.0511
2025-11-07 14:30:00,0.0132
2025-11-07 14:45:00,0.0233
2025-11-07 15:00:00,0.0369
2025-11-07 15:15:00,0.0180
2025-11-07 15:30:00,0.123
2025-11-07 15:45:00,0.135
2025-11-07 16:00:00,0.0238
2025-11-07 16:15:00,0.0382
2025-11-07 16:30:00,0.0248
2025-11-07 16:45:00,0.0365
2025-11-07 17:00:00,0.0262
2025-11-07 17:15:00,0.0248
2025-11-07 17:30:00,0.0648
2025-11-07 17:45:00,0.0429
2025-11-07 18:00:00,0.178
2025-11-07 18:15:00,0.157
2025-11-07 18:30:00,0.0400
2025-11-07 18:45:00,0.0736
2025-11-07 19:00:00,0.0469
2025-11-07 19:15:00,0.0700
2025-11-07 19:30:00,-0.031
2025-11-07 19:45:00,-0.36
2025-11-07 20:00:00,-0.34
2025-11-07 20:15:00,-0.37
2025-11-07 20:30:00,-0.25
2025-11-07 20:45:00,-0.21
2025-11-07 21:00:00,-0.36
2025-11-07 21:15:00,-0.35
2025-11-07 21:30:00,-0.33
2025-11-07 21:45:00,-0.32
2025-11-07 22:00:00,-0.30
2025-11-07 22:15:00,-0.32
2025-11-07 22:30:00,-0.32
2025-11-07 22:45:00,-0.30
2025-11-07 23:00:00,-0.23
2025-11-07 23:15:00,-0.20
2025-11-07 23:30:00,-0.31
2025-11-07 23:45:00,-0.32
2025-11-08 00:00:00,-0.30
2025-11-08 00:15:00,-0.33
2025-11-08 00:30:00,-0.33
2025-11-08 00:45:00,-0.31
2025-11-08 01:00:00,-0.33
2025-11-08 01:15:00,-0.32
2025-11-08 01:30:00,-0.21
2025-11-08 01:45:00,-0.21
2025-11-08 02:00:00,-0.30
2025-11-08 02:15:00,-0.31
2025-11-08 02:30:00,-0.32
2025-11-08 02:45:00,-0.29
2025-11-08 03:00:00,-0.32
2025-11-08 03:15:00,-0.32
2025-11-08 03:30:00,-0.29
2025-11-08 03:45:00,-0.32
2025-11-08 04:00:00,-0.24
2025-11-08 04:15:00,-0.19
2025-11-08 04:30:00,-0.31
2025-11-08 04:45:00,-0.32
2025-11-08 05:00:00,-0.30
2025-11-08 05:15:00,-0.32
2025-11-08 05:30:00,-0.32
2025-11-08 05:45:00,-0.24
2025-11-08 06:00:00,0.0900
2025-11-08 06:15:00,0.0942
2025-11-08 06:30:00,0.187
2025-11-08 06:45:00,0.202
2025-11-08 07:00:00,0.115
2025-11-08 07:15:00,0.106
2025-11-08 07:30:00,0.0869
2025-11-08 07:45:00,0.0852
2025-11-08 08:00:00,0.105
2025-11-08 08:15:00,0.0738
2025-11-08 08:30:00,0.0711
2025-11-08 08:45:00,0.109
2025-11-08 09:00:00,0.113
2025-11-08 09:15:00,0.198
2025-11-08 09:30:00,0.154
2025-11-08 09:45:00,0.0800
2025-11-08 10:00:00,0.0850
2025-11-08 10:15:00,0.0952
2025-11-08 10:30:00,0.0771
2025-11-08 10:45:00,0.0810
2025-11-08 11:00:00,0.0906
2025-11-08 11:15:00,0.0713
2025-11-08 11:30:00,0.331
2025-11-08 11:45:00,0.442
2025-11-08 12:00:00,0.196
2025-11-08 12:15:00,0.0933
2025-11-08 12:30:00,0.0631
2025-11-08 12:45:00,0.0629
2025-11-08 13:00:00,0.0880
2025-11-08 13:15:00,0.0600
2025-11-08 13:30:00,0.0600
2025-11-08 13:45:00,0.0890
2025-11-08 14:00:00,0.0513
2025-11-08 14:15:00,0.169
2025-11-08 14:30:00,0.171
2025-11-08 14:45:00,0.0579
2025-11-08 15:00:00,0.0596
2025-11-08 15:15:00,0.0784
2025-11-08 15:30:00,0.0287
2025-11-08 15:45:00,0.0209
2025-11-08 16:00:00,0.0426
2025-11-08 16:15:00,0.00250
2025-11-08 16:30:00,0.0142
2025-11-08 16:45:00,0.118
2025-11-08 17:00:00,0.0808
2025-11-08 17:15:00,0.0221
2025-11-08 17:30:00,0.00190
2025-11-08 17:45:00,-0.016
2025-11-08 18:00:00,0.0474
2025-11-08 18:15:00,0.0194
2025-11-08 18:30:00,0.0385
2025-11-08 18:45:00,0.0585
2025-11-08 19:00:00,0.0400
2025-11-08 19:15:00,0.0726
2025-11-08 19:30:00,-0.24
2025-11-08 19:45:00,-0.36
2025-11-08 20:00:00,-0.33
2025-11-08 20:15:00,-0.36
2025-11-08 20:30:00,-0.35
2025-11-08 20:45:00,-0.32
2025-11-08 21:00:00,-0.36
2025-11-08 21:15:00,-0.35
2025-11-08 21:30:00,-0.32
2025-11-08 21:45:00,-0.28
2025-11-08 22:00:00,-0.24
2025-11-08 22:15:00,-0.31
2025-11-08 22:30:00,-0.35
2025-11-08 22:45:00,-0.33
2025-11-08 23:00:00,-0.34
2025-11-08 23:15:00,-0.35
2025-11-08 23:30:00,-0.33
2025-11-08 23:45:00,-0.36
2025-11-09 00:00:00,-0.36
2025-11-09 00:15:00,-0.27
2025-11-09 00:30:00,-0.25
2025-11-09 00:45:00,-0.34
2025-11-09 01:00:00,-0.33
2025-11-09 01:15:00,-0.36
2025-11-09 01:30:00,-0.36
2025-11-09 01:45:00,-0.33
2025-11-09 02:00:00,-0.36
2025-11-09 02:15:00,-0.36
2025-11-09 02:30:00,-0.33
2025-11-09 02:45:00,-0.31
2025-11-09 03:00:00,-0.24
2025-11-09 03:15:00,-0.30
2025-11-09 03:30:00,-0.36
2025-11-09 03:45:00,-0.36
2025-11-09 04:00:00,-0.33
2025-11-09 04:15:00,-0.36
2025-11-09 04:30:00,-0.36
2025-11-09 04:45:00,-0.34
2025-11-09 05:00:00,-0.36
2025-11-09 05:15:00,-0.34
2025-11-09 05:30:00,-0.055
2025-11-09 05:45:00,0.0988
2025-11-09 06:00:00,0.0431
2025-11-09 06:15:00,0.0693
2025-11-09 06:30:00,0.0400
2025-11-09 06:45:00,0.0400
2025-11-09 07:00:00,0.0713
2025-11-09 07:15:00,0.0400
2025-11-09 07:30:00,0.0400
2025-11-09 07:45:00,0.0706
2025-11-09 08:00:00,0.142
2025-11-09 08:15:00,0.120
2025-11-09 08:30:00,0.0588
2025-11-09 08:45:00,0.0400
2025-11-09 09:00:00,0.0400
2025-11-09 09:15:00,0.0680
2025-11-09 09:30:00,0.0311
2025-11-09 09:45:00,0.0310
2025-11-09 10:00:00,0.0626
2025-11-09 10:15:00,0.0400
2025-11-09 10:30:00,0.127
2025-11-09 10:45:00,0.153
2025-11-09 11:00:00,0.0355
2025-11-09 11:15:00,0.0300
2025-11-09 11:30:00,0.0613
2025-11-09 11:45:00,0.0326
2025-11-09 12:00:00,0.0360
2025-11-09 12:15:00,0.0661
2025-11-09 12:30:00,0.0400
2025-11-09 12:45:00,0.0400
2025-11-09 13:00:00,0.130
2025-11-09 13:15:00,0.149
2025-11-09 13:30:00,0.0525
2025-11-09 13:45:00,0.0611
2025-11-09 14:00:00,0.0396
2025-11-09 14:15:00,0.0400
2025-11-09 14:30:00,0.0622
2025-11-09 14:45:00,0.0390
2025-11-09 15:00:00,0.0460
2025-11-09 15:15:00,0.0600
2025-11-09 15:30:00,0.0774
2025-11-09 15:45:00,0.154
2025-11-09 16:00:00,0.0846
2025-11-09 16:15:00,0.0396
2025-11-09 16:30:00,0.0496
2025-11-09 16:45:00,0.0459
2025-11-09 17:00:00,0.0300
2025-11-09 17:15:00,0.0619
2025-11-09 17:30:00,0.0400
2025-11-09 17:45:00,0.0400
2025-11-09 18:00:00,0.100
2025-11-09 18:15:00,0.166
2025-11-09 18:30:00,0.116
2025-11-09 18:45:00,0.0706
2025-11-09 19:00:00,0.0588
2025-11-09 19:15:00,-0.20
2025-11-09 19:30:00,-0.36
2025-11-09 19:45:00,-0.36
2025-11-09 20:00:00,-0.33
2025-11-09 20:15:00,-0.36
2025-11-09 20:30:00,-0.34
2025-11-09 20:45:00,-0.21
2025-11-09 21:00:00,-0.27
2025-11-09 21:15:00,-0.34
2025-11-09 21:30:00,-0.34
2025-11-09 21:45:00,-0.35
2025-11-09 22:00:00,-0.33
2025-11-09 22:15:00,-0.35
2025-11-09 22:30:00,-0.35
2025-11-09 22:45:00,-0.32
2025-11-09 23:00:00,-0.36
2025-11-09 23:15:00,-0.24
2025-11-09 23:30:00,-0.24
2025-11-09 23:45:00,-0.35
2025-11-10 00:00:00,-0.35
2025-11-10 00:15:00,-0.33
2025-11-10 00:30:00,-0.35
2025-11-10 00:45:00,-0.33
2025-11-10 01:00:00,-0.35
2025-11-10 01:15:00,-0.35
2025-11-10 01:30:00,-0.32
2025-11-10 01:45:00,-0.25
2025-11-10 02:00:00,-0.27
2025-11-10 02:15:00,-0.33
2025-11-10 02:30:00,-0.36
2025-11-10 02:45:00,-0.36
2025-11-10 03:00:00,-0.34
2025-11-10 03:15:00,-0.36
2025-11-10 03:30:00,-0.35
2025-11-10 03:45:00,-0.33
2025-11-10 04:00:00,-0.35
2025-11-10 04:15:00,-0.26
2025-11-10 04:30:00,-0.22
2025-11-10 04:45:00,-0.36
2025-11-10 05:00:00,-0.33
2025-11-10 05:15:00,-0.35
2025-11-10 05:30:00,-0.13
2025-11-10 05:45:00,0.0813
2025-11-10 06:00:00,0.0655
2025-11-10 06:15:00,0.259
2025-11-10 06:30:00,0.331
2025-11-10 06:45:00,0.192
2025-11-10 07:00:00,0.166
2025-11-10 07:15:00,0.0926
2025-11-10 07:30:00,0.0345
2025-11-10 07:45:00,0.0281
2025-11-10 08:00:00,0.0627
2025-11-10 08:15:00,0.0357
2025-11-10 08:30:00,0.0316
2025-11-10 08:45:00,0.0515
2025-11-10 09:00:00,0.0333
2025-11-10 09:15:00,0.0470
2025-11-10 09:30:00,0.144
2025-11-10 09:45:00,0.0490
2025-11-10 10:00:00,0.0118
2025-11-10 10:15:00,0.0188
2025-11-10 10:30:00,0.000455
2025-11-10 10:45:00,0.0278
2025-11-10 11:00:00,0.0171
2025-11-10 11:15:00,0.0224
2025-11-10 11:30:00,0.0595
2025-11-10 11:45:00,0.0500
2025-11-10 12:00:00,0.107
2025-11-10 12:15:00,0.114
2025-11-10 12:30:00,0.0514
2025-11-10 12:45:00,0.0480
2025-11-10 13:00:00,0.0833
2025-11-10 13:15:00,0.0790
2025-11-10 13:30:00,0.316
2025-11-10 13:45:00,0.349
2025-11-10 14:00:00,0.222
2025-11-10 14:15:00,0.126
2025-11-10 14:30:00,0.232
2025-11-10 14:45:00,0.211
2025-11-10 15:00:00,0.121
2025-11-10 15:15:00,0.0655
2025-11-10 15:30:00,0.0625
2025-11-10 15:45:00,0.0596
2025-11-10 16:00:00,0.0587
2025-11-10 16:15:00,0.0813
2025-11-10 16:30:00,0.0692
2025-11-10 16:45:00,0.0870
2025-11-10 17:00:00,0.159
2025-11-10 17:15:00,0.161
2025-11-10 17:30:00,0.108
2025-11-10 17:45:00,0.0800
2025-11-10 18:00:00,0.125
2025-11-10 18:15:00,0.341
2025-11-10 18:30:00,0.337
2025-11-10 18:45:00,0.259
2025-11-10 19:00:00,0.0579
2025-11-10 19:15:00,-0.19
2025-11-10 19:30:00,-0.28
2025-11-10 19:45:00,-0.088
2025-11-10 20:00:00,-0.11
2025-11-10 20:15:00,-0.17
2025-11-10 20:30:00,-0.33
2025-11-10 20:45:00,-0.38
2025-11-10 21:00:00,-0.40
2025-11-10 21:15:00,-0.38
2025-11-10 21:30:00,-0.40
2025-11-10 21:45:00,-0.38
2025-11-10 22:00:00,-0.31
2025-11-10 22:15:00,-0.28
2025-11-10 22:30:00,-0.30
2025-11-10 22:45:00,-0.29
2025-11-10 23:00:00,-0.27
2025-11-10 23:15:00,-0.28
2025-11-10 23:30:00,-0.28
2025-11-10 23:45:00,-0.28
2025-11-11 00:00:00,-0.30
2025-11-11 00:15:00,-0.28
2025-11-11 00:30:00,-0.19
2025-11-11 00:45:00,0.0477
2025-11-11 01:00:00,-0.022
2025-11-11 01:15:00,-0.30
2025-11-11 01:30:00,-0.27
2025-11-11 01:45:00,-0.29
2025-11-11 02:00:00,-0.29
2025-11-11 02:15:00,-0.27
2025-11-11 02:30:00,-0.29
2025-11-11 02:45:00,-0.26
2025-11-11 03:00:00,-0.19
2025-11-11 03:15:00,-0.18
2025-11-11 03:30:00,-0.26
2025-11-11 03:45:00,-0.29
2025-11-11 04:00:00,-0.27
2025-11-11 04:15:00,-0.29
2025-11-11 04:30:00,-0.29
2025-11-11 04:45:00,-0.27
2025-11-11 05:00:00,-0.29
2025-11-11 05:15:00,-0.28
2025-11-11 05:30:00,0.0231
2025-11-11 05:45:00,0.215
2025-11-11 06:00:00,0.144
2025-11-11 06:15:00,0.100
2025-11-11 06:30:00,0.107
2025-11-11 06:45:00,0.113
2025-11-11 07:00:00,0.0907
2025-11-11 07:15:00,0.110
2025-11-11 07:30:00,0.0900
2025-11-11 07:45:00,0.0977
2025-11-11 08:00:00,0.118
2025-11-11 08:15:00,0.175
2025-11-11 08:30:00,0.102
2025-11-11 08:45:00,0.0662
2025-11-11 09:00:00,0.0762
2025-11-11 09:15:00,0.0729
2025-11-11 09:30:00,0.0500
2025-11-11 09:45:00,0.0353
2025-11-11 10:00:00,0
2025-11-11 10:15:00,0.00143
2025-11-11 10:30:00,0.239
2025-11-11 10:45:00,0.336
2025-11-11 11:00:00,0.225
2025-11-11 11:15:00,0.0495
2025-11-11 11:30:00,0.0486
2025-11-11 11:45:00,0.0788
2025-11-11 12:00:00,0.0633
2025-11-11 12:15:00,0.0704
2025-11-11 12:30:00,0.0380
2025-11-11 12:45:00,0.0496
2025-11-11 13:00:00,0.145
2025-11-11 13:15:00,0.208
2025-11-11 13:30:00,0.187
2025-11-11 13:45:00,0.0720
2025-11-11 14:00:00,0.0287
2025-11-11 14:15:00,0.0371
2025-11-11 14:30:00,0.111
2025-11-11 14:45:00,0.0971
2025-11-11 15:00:00,0.0245
2025-11-11 15:15:00,0.0526
2025-11-11 15:30:00,0.178
2025-11-11 15:45:00,0.144
2025-11-11 16:00:00,0.143
2025-11-11 16:15:00,0.129
2025-11-11 16:30:00,0.267
2025-11-11 16:45:00,0.290
2025-11-11 17:00:00,0.110
2025-11-11 17:15:00,0.130
2025-11-11 17:30:00,0.102
2025-11-11 17:45:00,0.0920
2025-11-11 18:00:00,0.100
2025-11-11 18:15:00,0.207
2025-11-11 18:30:00,0.205
2025-11-11 18:45:00,0.0627
2025-11-11 19:00:00,0.158
2025-11-11 19:15:00,-0.19
2025-11-11 19:30:00,-0.31
2025-11-11 19:45:00,-0.28
2025-11-11 20:00:00,-0.26
2025-11-11 20:15:00,-0.24
2025-11-11 20:30:00,-0.21
2025-11-11 20:45:00,-0.11
2025-11-11 21:00:00,-0.23
2025-11-11 21:15:00,-0.27
2025-11-11 21:30:00,-0.24
2025-11-11 21:45:00,-0.27
2025-11-11 22:00:00,-0.27
2025-11-11 22:15:00,-0.16
2025-11-11 22:30:00,-0.034
2025-11-11 22:45:00,-0.091
2025-11-11 23:00:00,-0.17
2025-11-11 23:15:00,-0.084
2025-11-11 23:30:00,-0.14
2025-11-11 23:45:00,-0.21
2025-11-12 00:00:00,-0.23
2025-11-12 00:15:00,-0.21
2025-11-12 00:30:00,-0.23
2025-11-12 00:45:00,-0.22
2025-11-12 01:00:00,-0.23
2025-11-12 01:15:00,-0.23
2025-11-12 01:30:00,-0.18
2025-11-12 01:45:00,-0.12
2025-11-12 02:00:00,-0.13
2025-11-12 02:15:00,-0.22
2025-11-12 02:30:00,-0.19
2025-11-12 02:45:00,-0.21
2025-11-12 03:00:00,-0.20
2025-11-12 03:15:00,-0.19
2025-11-12 03:30:00,-0.21
2025-11-12 03:45:00,-0.19
2025-11-12 04:00:00,-0.16
2025-11-12 04:15:00,-0.073
2025-11-12 04:30:00,-0.14
2025-11-12 04:45:00,-0.20
2025-11-12 05:00:00,-0.21
2025-11-12 05:15:00,-0.22
2025-11-12 05:30:00,-0.026
2025-11-12 05:45:00,0.157
2025-11-12 06:00:00,0.171
2025-11-12 06:15:00,0.144
2025-11-12 06:30:00,0.204
2025-11-12 06:45:00,0.261
2025-11-12 07:00:00,0.215
2025-11-12 07:15:00,0.166
2025-11-12 07:30:00,0.150
2025-11-12 07:45:00,0.389
2025-11-12 08:00:00,0.371
2025-11-12 08:15:00,0.274
2025-11-12 08:30:00,0.133
2025-11-12 08:45:00,0.159
2025-11-12 09:00:00,0.181
2025-11-12 09:15:00,0.223
2025-11-12 09:30:00,0.188
2025-11-12 09:45:00,0.116
2025-11-12 10:00:00,0.136
2025-11-12 10:15:00,0.104
2025-11-12 10:30:00,0.300
2025-11-12 10:45:00,0.358
2025-11-12 11:00:00,0.294
2025-11-12 11:15:00,0.106
2025-11-12 11:30:00,0.0964
2025-11-12 11:45:00,0.243
2025-11-12 12:00:00,0.0975
2025-11-12 12:15:00,0.0694
2025-11-12 12:30:00,0.0850
2025-11-12 12:45:00,0.104
2025-11-12 13:00:00,0.0794
2025-11-12 13:15:00,0.0236
2025-11-12 13:30:00,0.0328
2025-11-12 13:45:00,0.0342
2025-11-12 14:00:00,0.138
2025-11-12 14:15:00,0.142
2025-11-12 14:30:00,0.0179
2025-11-12 14:45:00,0.0436
2025-11-12 15:00:00,0.0960
2025-11-12 15:15:00,0.0493
2025-11-12 15:30:00,-0.033
2025-11-12 15:45:00,0.0106
2025-11-12 16:00:00,0.0248
2025-11-12 16:15:00,0.414
2025-11-12 16:30:00,0.346
2025-11-12 16:45:00,0.0496
2025-11-12 17:00:00,-0.030
2025-11-12 17:15:00,0.0517
2025-11-12 17:30:00,0.0548
2025-11-12 17:45:00,0.0771
2025-11-12 18:00:00,0.00762
2025-11-12 18:15:00,0.0240
2025-11-12 18:30:00,0.0979
2025-11-12 18:45:00,0.467
2025-11-12 19:00:00,0.712
2025-11-12 19:15:00,0.334
2025-11-12 19:30:00,0.404
2025-11-12 19:45:00,0.379
2025-11-12 20:00:00,0.401
2025-11-12 20:15:00,0.389
2025-11-12 20:30:00,0.463
2025-11-12 20:45:00,0.478
2025-11-12 21:00:00,0.589
2025-11-12 21:15:00,0.629
2025-11-12 21:30:00,0.500
2025-11-12 21:45:00,0.686
2025-11-12 22:00:00,0.521
2025-11-12 22:15:00,-0.27
2025-11-12 22:30:00,-0.42
2025-11-12 22:45:00,-0.32
2025-11-12 23:00:00,-0.34
2025-11-12 23:15:00,-0.32
2025-11-12 23:30:00,-0.22
2025-11-12 23:45:00,-0.23
2025-11-13 00:00:00,-0.32
2025-11-13 00:15:00,-0.34
2025-11-13 00:30:00,-0.31
2025-11-13 00:45:00,-0.34
2025-11-13 01:00:00,-0.31
2025-11-13 01:15:00,-0.34
2025-11-13 01:30:00,-0.32
2025-11-13 01:45:00,-0.28
2025-11-13 02:00:00,-0.22
2025-11-13 02:15:00,-0.25
2025-11-13 02:30:00,-0.34
2025-11-13 02:45:00,-0.30
2025-11-13 03:00:00,-0.34
2025-11-13 03:15:00,-0.31
2025-11-13 03:30:00,-0.34
2025-11-13 03:45:00,-0.30
2025-11-13 04:00:00,-0.34
2025-11-13 04:15:00,-0.27
2025-11-13 04:30:00,-0.22
2025-11-13 04:45:00,-0.29
2025-11-13 05:00:00,-0.32
2025-11-13 05:15:00,-0.34
2025-11-13 05:30:00,-0.24
2025-11-13 05:45:00,0.0700
2025-11-13 06:00:00,0.0964
2025-11-13 06:15:00,0.0700
2025-11-13 06:30:00,0.0962
2025-11-13 06:45:00,0.160
2025-11-13 07:00:00,0.192
2025-11-13 07:15:00,0.0896
2025-11-13 07:30:00,0.0625
2025-11-13 07:45:00,0.0567
2025-11-13 08:00:00,0.0305
2025-11-13 08:15:00,0.0520
2025-11-13 08:30:00,0.198
2025-11-13 08:45:00,0.277
2025-11-13 09:00:00,0.261
2025-11-13 09:15:00,0.186
2025-11-13 09:30:00,0.100
2025-11-13 09:45:00,0.0400
2025-11-13 10:00:00,0.0443
2025-11-13 10:15:00,0.0300
2025-11-13 10:30:00,0.0539
2025-11-13 10:45:00,0.0300
2025-11-13 11:00:00,0.0509
2025-11-13 11:15:00,0.0300
2025-11-13 11:30:00,0.0908
2025-11-13 11:45:00,0.140
2025-11-13 12:00:00,0.0757
2025-11-13 12:15:00,-0.031
2025-11-13 12:30:00,0.0544
2025-11-13 12:45:00,0.0226
2025-11-13 13:00:00,0.0223
2025-11-13 13:15:00,0.0348
2025-11-13 13:30:00,0.0681
2025-11-13 13:45:00,0.318
2025-11-13 14:00:00,0.379
2025-11-13 14:15:00,0.334
2025-11-13 14:30:00,0.101
2025-11-13 14:45:00,0.152
2025-11-13 15:00:00,0.0780
2025-11-13 15:15:00,0.00875
2025-11-13 15:30:00,0.0356
2025-11-13 15:45:00,0.0256
2025-11-13 16:00:00,0.0429
2025-11-13 16:15:00,0.00955
2025-11-13 16:30:00,0.113
2025-11-13 16:45:00,0.0787
2025-11-13 17:00:00,-0.056
2025-11-13 17:15:00,-0.13
2025-11-13 17:30:00,-0.038
2025-11-13 17:45:00,-0.027
2025-11-13 18:00:00,0.0132
2025-11-13 18:15:00,0.0226
2025-11-13 18:30:00,0.00737
2025-11-13 18:45:00,0.132
2025-11-13 19:00:00,0.994
2025-11-13 19:15:00,0.718
2025-11-13 19:30:00,0.559
2025-11-13 19:45:00,0.745
2025-11-13 20:00:00,0.712
2025-11-13 20:15:00,0.558
2025-11-13 20:30:00,0.443
2025-11-13 20:45:00,0.503
2025-11-13 21:00:00,0.500
2025-11-13 21:15:00,0.644
2025-11-13 21:30:00,0.638
2025-11-13 21:45:00,0.474
2025-11-13 22:00:00,0.481
2025-11-13 22:15:00,0.468
2025-11-13 22:30:00,0.212
2025-11-13 22:45:00,-0.40
2025-11-13 23:00:00,-0.38
2025-11-13 23:15:00,-0.40
2025-11-13 23:30:00,-0.35
2025-11-13 23:45:00,-0.29
2025-11-14 00:00:00,-0.28
2025-11-14 00:15:00,-0.40
2025-11-14 00:30:00,-0.37
2025-11-14 00:45:00,-0.41
2025-11-14 01:00:00,-0.38
2025-11-14 01:15:00,-0.27
2025-11-14 01:30:00,-0.13
2025-11-14 01:45:00,-0.31
2025-11-14 02:00:00,-0.33
2025-11-14 02:15:00,-0.29
2025-11-14 02:30:00,-0.37
2025-11-14 02:45:00,-0.39
2025-11-14 03:00:00,-0.40
2025-11-14 03:15:00,-0.39
2025-11-14 03:30:00,-0.40
2025-11-14 03:45:00,-0.38
2025-11-14 04:00:00,-0.40
2025-11-14 04:15:00,-0.38
2025-11-14 04:30:00,-0.29
2025-11-14 04:45:00,-0.27
2025-11-14 05:00:00,-0.40
2025-11-14 05:15:00,-0.39
2025-11-14 05:30:00,-0.26
2025-11-14 05:45:00,0
2025-11-14 06:00:00,0.0214
2025-11-14 06:15:00,0
2025-11-14 06:30:00,0.0227
2025-11-14 06:45:00,0.0345
2025-11-14 07:00:00,0.123
2025-11-14 07:15:00,0.0563
2025-11-14 07:30:00,0.00500
2025-11-14 07:45:00,-0.033
2025-11-14 08:00:00,-0.036
2025-11-14 08:15:00,-0.030
2025-11-14 08:30:00,-0.042
2025-11-14 08:45:00,-0.027
2025-11-14 09:00:00,-0.057
2025-11-14 09:15:00,0.0906
2025-11-14 09:30:00,0.0590
2025-11-14 09:45:00,-0.034
2025-11-14 10:00:00,-0.047
2025-11-14 10:15:00,-0.042
2025-11-14 10:30:00,-0.021
2025-11-14 10:45:00,-0.015
2025-11-14 11:00:00,0.0160
2025-11-14 11:15:00,0.206
2025-11-14 11:30:00,0.237
2025-11-14 11:45:00,0.0229
2025-11-14 12:00:00,-0.037
2025-11-14 12:15:00,-0.077
2025-11-14 12:30:00,0.0133
2025-11-14 12:45:00,0.0156
2025-11-14 13:00:00,0.00158
2025-11-14 13:15:00,0.00769
2025-11-14 13:30:00,-0.090
2025-11-14 13:45:00,0.0785
2025-11-14 14:00:00,0.134
2025-11-14 14:15:00,0.0787
2025-11-14 14:30:00,-0.055
2025-11-14 14:45:00,-0.012
2025-11-14 15:00:00,0.00381
2025-11-14 15:15:00,-0.19
2025-11-14 15:30:00,-0.10
2025-11-14 15:45:00,-0.13
2025-11-14 16:00:00,-0.025
2025-11-14 16:15:00,0.124
2025-11-14 16:30:00,0.0489
2025-11-14 16:45:00,-0.021
2025-11-14 17:00:00,0.0796
2025-11-14 17:15:00,0.184
2025-11-14 17:30:00,0.0852
2025-11-14 17:45:00,-0.086
2025-11-14 18:00:00,-0.065
2025-11-14 18:15:00,-0.19
2025-11-14 18:30:00,-0.084
2025-11-14 18:45:00,-0.094
2025-11-14 19:00:00,-0.10
2025-11-14 19:15:00,-0.29
2025-11-14 19:30:00,-0.43
2025-11-14 19:45:00,-0.43
2025-11-14 20:00:00,-0.49
2025-11-14 20:15:00,-0.50
2025-11-14 20:30:00,-0.50
2025-11-14 20:45:00,-0.50
2025-11-14 21:00:00,-0.54
2025-11-14 21:15:00,-0.49
2025-11-14 21:30:00,-0.28
2025-11-14 21:45:00,-0.22
2025-11-14 22:00:00,-0.38
2025-11-14 22:15:00,-0.47
2025-11-14 22:30:00,-0.41
2025-11-14 22:45:00,-0.32
2025-11-14 23:00:00,-0.33
2025-11-14 23:15:00,-0.33
2025-11-14 23:30:00,-0.32
2025-11-14 23:45:00,-0.34
2025-11-15 00:00:00,-0.31
2025-11-15 00:15:00,-0.23
2025-11-15 00:30:00,-0.27
2025-11-15 00:45:00,-0.34
2025-11-15 01:00:00,-0.32
2025-11-15 01:15:00,-0.35
2025-11-15 01:30:00,-0.33
2025-11-15 01:45:00,-0.33
2025-11-15 02:00:00,-0.34
2025-11-15 02:15:00,-0.33
2025-11-15 02:30:00,-0.24
2025-11-15 02:45:00,-0.25
2025-11-15 03:00:00,-0.35
2025-11-15 03:15:00,-0.32
2025-11-15 03:30:00,-0.34
2025-11-15 03:45:00,-0.33
2025-11-15 04:00:00,-0.35
2025-11-15 04:15:00,-0.35
2025-11-15 04:30:00,-0.33
2025-11-15 04:45:00,-0.26
2025-11-15 05:00:00,-0.24
2025-11-15 05:15:00,-0.35
2025-11-15 05:30:00,-0.32
2025-11-15 05:45:00,0.00710
2025-11-15 06:00:00,0.0972
2025-11-15 06:15:00,0.0621
2025-11-15 06:30:00,0.0720
2025-11-15 06:45:00,0.0800
2025-11-15 07:00:00,0.140
2025-11-15 07:15:00,0.186
2025-11-15 07:30:00,0.0600
2025-11-15 07:45:00,0.0869
2025-11-15 08:00:00,0.0600
2025-11-15 08:15:00,0.0936
2025-11-15 08:30:00,0.0622
2025-11-15 08:45:00,0.0695
2025-11-15 09:00:00,0.0761
2025-11-15 09:15:00,0.137
2025-11-15 09:30:00,0.156
2025-11-15 09:45:00,0.0594
2025-11-15 10:00:00,0.0800
2025-11-15 10:15:00,0.0503
2025-11-15 10:30:00,0.0710
2025-11-15 10:45:00,0.0524
2025-11-15 11:00:00,0.0609
2025-11-15 11:15:00,0.297
2025-11-15 11:30:00,0.358
2025-11-15 11:45:00,0.186
2025-11-15 12:00:00,0.0400
2025-11-15 12:15:00,0.0614
2025-11-15 12:30:00,0.0400
2025-11-15 12:45:00,0.0603
2025-11-15 13:00:00,0.0418
2025-11-15 13:15:00,0.0469
2025-11-15 13:30:00,0.0517
2025-11-15 13:45:00,0.130
2025-11-15 14:00:00,0.156
2025-11-15 14:15:00,0.0323
2025-11-15 14:30:00,0.0629
2025-11-15 14:45:00,0.0495
2025-11-15 15:00:00,0.0854
2025-11-15 15:15:00,0.0500
2025-11-15 15:30:00,0.0580
2025-11-15 15:45:00,0.0670
2025-11-15 16:00:00,0.155
2025-11-15 16:15:00,0.112
2025-11-15 16:30:00,0.0400
2025-11-15 16:45:00,0.0682
2025-11-15 17:00:00,0.0400
2025-11-15 17:15:00,0.0717
2025-11-15 17:30:00,0.0678
2025-11-15 17:45:00,0.108
2025-11-15 18:00:00,0.0983
2025-11-15 18:15:00,0.191
2025-11-15 18:30:00,0.0933
2025-11-15 18:45:00,0.0725
2025-11-15 19:00:00,0.0692
2025-11-15 19:15:00,-0.17
2025-11-15 19:30:00,-0.31
2025-11-15 19:45:00,-0.34
2025-11-15 20:00:00,-0.32
2025-11-15 20:15:00,-0.27
2025-11-15 20:30:00,-0.21
2025-11-15 20:45:00,-0.34
2025-11-15 21:00:00,-0.31
2025-11-15 21:15:00,-0.33
2025-11-15 21:30:00,-0.32
2025-11-15 21:45:00,-0.31
2025-11-15 22:00:00,-0.34
2025-11-15 22:15:00,-0.32
2025-11-15 22:30:00,-0.23
2025-11-15 22:45:00,-0.26
2025-11-15 23:00:00,-0.34
2025-11-15 23:15:00,-0.30
2025-11-15 23:30:00,-0.34
2025-11-15 23:45:00,-0.30
2025-11-16 00:00:00,-0.34
2025-11-16 00:15:00,-0.33
2025-11-16 00:30:00,-0.30
2025-11-16 00:45:00,-0.22
2025-11-16 01:00:00,-0.30
2025-11-16 01:15:00,-0.34
2025-11-16 01:30:00,-0.33
2025-11-16 01:45:00,-0.34
2025-11-16 02:00:00,-0.33
2025-11-16 02:15:00,-0.34
2025-11-16 02:30:00,-0.32
2025-11-16 02:45:00,-0.29
2025-11-16 03:00:00,-0.20
2025-11-16 03:15:00,-0.34
2025-11-16 03:30:00,-0.31
2025-11-16 03:45:00,-0.33
2025-11-16 04:00:00,-0.32
2025-11-16 04:15:00,-0.32
2025-11-16 04:30:00,-0.32
2025-11-16 04:45:00,-0.32
2025-11-16 05:00:00,-0.25
2025-11-16 05:15:00,-0.21
2025-11-16 05:30:00,-0.11
2025-11-16 05:45:00,0.0910
2025-11-16 06:00:00,0.0600
2025-11-16 06:15:00,0.0933
2025-11-16 06:30:00,0.0600
2025-11-16 06:45:00,0.0986
2025-11-16 07:00:00,0.0981
2025-11-16 07:15:00,0.200
2025-11-16 07:30:00,0.103
2025-11-16 07:45:00,0.0776
2025-11-16 08:00:00,0.0730
2025-11-16 08:15:00,0.0736
2025-11-16 08:30:00,0.0782
2025-11-16 08:45:00,0.0717
2025-11-16 09:00:00,0.0850
2025-11-16 09:15:00,0.152
2025-11-16 09:30:00,0.182
2025-11-16 09:45:00,0.0600
2025-11-16 10:00:00,0.0896
2025-11-16 10:15:00,0.0570
2025-11-16 10:30:00,0.0741
2025-11-16 10:45:00,0.0456
2025-11-16 11:00:00,0.0720
2025-11-16 11:15:00,0.0865
2025-11-16 11:30:00,0.182
2025-11-16 11:45:00,0.106
2025-11-16 12:00:00,0.0625
2025-11-16 12:15:00,0.0540
2025-11-16 12:30:00,0.0469
2025-11-16 12:45:00,0.0669
2025-11-16 13:00:00,0.0605
2025-11-16 13:15:00,0.0800
2025-11-16 13:30:00,0.154
2025-11-16 13:45:00,0.191
2025-11-16 14:00:00,0.0586
2025-11-16 14:15:00,0.0762
2025-11-16 14:30:00,0.0560
2025-11-16 14:45:00,0.0786
2025-11-16 15:00:00,0.0595
2025-11-16 15:15:00,0.0796
2025-11-16 15:30:00,0.0783
2025-11-16 15:45:00,0.194
2025-11-16 16:00:00,0.0974
2025-11-16 16:15:00,0.0892
2025-11-16 16:30:00,0.0694
2025-11-16 16:45:00,0.0775
2025-11-16 17:00:00,0.0672
2025-11-16 17:15:00,0.0656
2025-11-16 17:30:00,0.0687
2025-11-16 17:45:00,0.157
2025-11-16 18:00:00,0.175
2025-11-16 18:15:00,0.0540
2025-11-16 18:30:00,0.0837
2025-11-16 18:45:00,0.0572
2025-11-16 19:00:00,0.0796
2025-11-16 19:15:00,-0.28
2025-11-16 19:30:00,-0.32
2025-11-16 19:45:00,-0.30
2025-11-16 20:00:00,-0.21
2025-11-16 20:15:00,-0.33
2025-11-16 20:30:00,-0.33
2025-11-16 20:45:00,-0.34
2025-11-16 21:00:00,-0.34
2025-11-16 21:15:00,-0.34
2025-11-16 21:30:00,-0.35
2025-11-16 21:45:00,-0.32
2025-11-16 22:00:00,-0.24
2025-11-16 22:15:00,-0.25
2025-11-16 22:30:00,-0.35
2025-11-16 22:45:00,-0.33
2025-11-16 23:00:00,-0.34
2025-11-16 23:15:00,-0.31
2025-11-16 23:30:00,-0.35
2025-11-16 23:45:00,-0.33
2025-11-17 00:00:00,-0.28
2025-11-17 00:15:00,-0.23
2025-11-17 00:30:00,-0.31
2025-11-17 00:45:00,-0.34
2025-11-17 01:00:00,-0.31
2025-11-17 01:15:00,-0.34
2025-11-17 01:30:00,-0.20
2025-11-17 01:45:00,-0.097
2025-11-17 02:00:00,-0.20
2025-11-17 02:15:00,-0.23
2025-11-17 02:30:00,-0.26
2025-11-17 02:45:00,-0.32
2025-11-17 03:00:00,-0.34
2025-11-17 03:15:00,-0.32
2025-11-17 03:30:00,-0.34
2025-11-17 03:45:00,-0.31
2025-11-17 04:00:00,-0.34
2025-11-17 04:15:00,-0.28
2025-11-17 04:30:00,-0.24
2025-11-17 04:45:00,-0.33
2025-11-17 05:00:00,-0.32
2025-11-17 05:15:00,-0.34
2025-11-17 05:30:00,-0.31
2025-11-17 05:45:00,0.0568
2025-11-17 06:00:00,0.0922
2025-11-17 06:15:00,0.0770
2025-11-17 06:30:00,0.198
2025-11-17 06:45:00,0.107
2025-11-17 07:00:00,0.0784
2025-11-17 07:15:00,0.0750
2025-11-17 07:30:00,0.0459
2025-11-17 07:45:00,0.0714
2025-11-17 08:00:00,0.148
2025-11-17 08:15:00,0.129
2025-11-17 08:30:00,0.201
2025-11-17 08:45:00,0.279
2025-11-17 09:00:00,0.0130
2025-11-17 09:15:00,0.0300
2025-11-17 09:30:00,0.0204
2025-11-17 09:45:00,0.0220
2025-11-17 10:00:00,0.0411
2025-11-17 10:15:00,0.0581
2025-11-17 10:30:00,0.297
2025-11-17 10:45:00,0.355
2025-11-17 11:00:00,0.103
2025-11-17 11:15:00,0.0347
2025-11-17 11:30:00,0.0467
2025-11-17 11:45:00,0.0590
2025-11-17 12:00:00,0.0554
2025-11-17 12:15:00,0.0868
2025-11-17 12:30:00,0.0436
2025-11-17 12:45:00,0.139
2025-11-17 13:00:00,0.150
2025-11-17 13:15:00,0.0514
2025-11-17 13:30:00,0.0321
2025-11-17 13:45:00,0.0256
2025-11-17 14:00:00,0.0313
2025-11-17 14:15:00,0.0473
2025-11-17 14:30:00,0.00348
2025-11-17 14:45:00,-0.032
2025-11-17 15:00:00,0.104
2025-11-17 15:15:00,0.0746
2025-11-17 15:30:00,0.256
2025-11-17 15:45:00,0.168
2025-11-17 16:00:00,-0.016
2025-11-17 16:15:00,-0.069
2025-11-17 16:30:00,0.00867
2025-11-17 16:45:00,-0.047
2025-11-17 17:00:00,0.0669
2025-11-17 17:15:00,0.0411
2025-11-17 17:30:00,-0.041
2025-11-17 17:45:00,0.0400
2025-11-17 18:00:00,0.00556
2025-11-17 18:15:00,0.0325
2025-11-17 18:30:00,0.0271
2025-11-17 18:45:00,0.0493
2025-11-17 19:00:00,0.156
2025-11-17 19:15:00,0.114
2025-11-17 19:30:00,-0.41
2025-11-17 19:45:00,-0.43
2025-11-17 20:00:00,-0.37
2025-11-17 20:15:00,-0.40
2025-11-17 20:30:00,-0.39
2025-11-17 20:45:00,-0.38
2025-11-17 21:00:00,-0.37
2025-11-17 21:15:00,-0.26
2025-11-17 21:30:00,-0.42
2025-11-17 21:45:00,-0.39
2025-11-17 22:00:00,-0.42
2025-11-17 22:15:00,-0.38
2025-11-17 22:30:00,-0.41
2025-11-17 22:45:00,-0.36
2025-11-17 23:00:00,-0.32
2025-11-17 23:15:00,-0.23
2025-11-17 23:30:00,-0.25
2025-11-17 23:45:00,-0.34
2025-11-18 00:00:00,-0.33
2025-11-18 00:15:00,-0.34
2025-11-18 00:30:00,-0.33
2025-11-18 00:45:00,-0.32
2025-11-18 01:00:00,-0.34
2025-11-18 01:15:00,-0.21
2025-11-18 01:30:00,-0.26
2025-11-18 01:45:00,-0.31
2025-11-18 02:00:00,-0.34
2025-11-18 02:15:00,-0.32
2025-11-18 02:30:00,-0.32
2025-11-18 02:45:00,-0.34
2025-11-18 03:00:00,-0.32
2025-11-18 03:15:00,-0.26
2025-11-18 03:30:00,-0.23
2025-11-18 03:45:00,-0.34
2025-11-18 04:00:00,-0.33
2025-11-18 04:15:00,-0.34
2025-11-18 04:30:00,-0.35
2025-11-18 04:45:00,-0.31
2025-11-18 05:00:00,-0.35
2025-11-18 05:15:00,-0.27
2025-11-18 05:30:00,0.0240
2025-11-18 05:45:00,0.0650
2025-11-18 06:00:00,0.0722
2025-11-18 06:15:00,0.0438
2025-11-18 06:30:00,0.0930
2025-11-18 06:45:00,0.0600
2025-11-18 07:00:00,0.0800
2025-11-18 07:15:00,0.0792
2025-11-18 07:30:00,0.197
2025-11-18 07:45:00,0.114
2025-11-18 08:00:00,0.0528
2025-11-18 08:15:00,0.0508
2025-11-18 08:30:00,0
2025-11-18 08:45:00,0.188
2025-11-18 09:00:00,0.229
2025-11-18 09:15:00,0.239
2025-11-18 09:30:00,0.173
2025-11-18 09:45:00,0.0527
2025-11-18 10:00:00,0.0308
2025-11-18 10:15:00,0.0279
2025-11-18 10:30:00,0.0330
2025-11-18 10:45:00,0.0263
2025-11-18 11:00:00,0.0373
2025-11-18 11:15:00,0.0569
2025-11-18 11:30:00,0.115
2025-11-18 11:45:00,0.178
2025-11-18 12:00:00,0.0424
2025-11-18 12:15:00,0.0392
2025-11-18 12:30:00,0.0482
2025-11-18 12:45:00,0.0108
2025-11-18 13:00:00,0.0433
2025-11-18 13:15:00,0.0333
2025-11-18 13:30:00,0.0744
2025-11-18 13:45:00,0.0354
2025-11-18 14:00:00,0.00167
2025-11-18 14:15:00,0.123
2025-11-18 14:30:00,0.242
2025-11-18 14:45:00,0.271
2025-11-18 15:00:00,0.0736
2025-11-18 15:15:00,0.0129
2025-11-18 15:30:00,-0.00077
2025-11-18 15:45:00,0.240
2025-11-18 16:00:00,0.376
2025-11-18 16:15:00,0.186
2025-11-18 16:30:00,0.148
2025-11-18 16:45:00,0.0124
2025-11-18 17:00:00,0.00150
2025-11-18 17:15:00,0.0885
2025-11-18 17:30:00,0.0250
2025-11-18 17:45:00,0.179
2025-11-18 18:00:00,0.0873
2025-11-18 18:15:00,-0.0030
2025-11-18 18:30:00,0
2025-11-18 18:45:00,0.0508
2025-11-18 19:00:00,0.0242
2025-11-18 19:15:00,-0.067
2025-11-18 19:30:00,0.0712
2025-11-18 19:45:00,0.278
2025-11-18 20:00:00,0.340
2025-11-18 20:15:00,0.254
2025-11-18 20:30:00,0.539
2025-11-18 20:45:00,0.548
2025-11-18 21:00:00,0.396
2025-11-18 21:15:00,0.313
2025-11-18 21:30:00,0.275
2025-11-18 21:45:00,0.166
2025-11-18 22:00:00,-0.42
2025-11-18 22:15:00,-0.53
2025-11-18 22:30:00,-0.42
2025-11-18 22:45:00,-0.33
2025-11-18 23:00:00,-0.30
2025-11-18 23:15:00,-0.33
2025-11-18 23:30:00,-0.31
2025-11-18 23:45:00,-0.32
2025-11-19 00:00:00,-0.23
2025-11-19 00:15:00,-0.28
2025-11-19 00:30:00,-0.34
2025-11-19 00:45:00,-0.32
2025-11-19 01:00:00,-0.34
2025-11-19 01:15:00,-0.32
2025-11-19 01:30:00,-0.33
2025-11-19 01:45:00,-0.33
2025-11-19 02:00:00,-0.20
2025-11-19 02:15:00,-0.29
2025-11-19 02:30:00,-0.31
2025-11-19 02:45:00,-0.33
2025-11-19 03:00:00,-0.33
2025-11-19 03:15:00,-0.32
2025-11-19 03:30:00,-0.34
2025-11-19 03:45:00,-0.31
2025-11-19 04:00:00,-0.23
2025-11-19 04:15:00,-0.25
2025-11-19 04:30:00,-0.33
2025-11-19 04:45:00,-0.34
2025-11-19 05:00:00,-0.31
2025-11-19 05:15:00,-0.33
2025-11-19 05:30:00,-0.0041
2025-11-19 05:45:00,0.0700
2025-11-19 06:00:00,0.144
2025-11-19 06:15:00,0.154
2025-11-19 06:30:00,0.0604
2025-11-19 06:45:00,0.0871
2025-11-19 07:00:00,0.0600
2025-11-19 07:15:00,0.0900
2025-11-19 07:30:00,0.0588
2025-11-19 07:45:00,0.0677
2025-11-19 08:00:00,0.0950
2025-11-19 08:15:00,0.136
2025-11-19 08:30:00,0.0433
2025-11-19 08:45:00,0.0224
2025-11-19 09:00:00,0.0468
2025-11-19 09:15:00,0.0143
2025-11-19 09:30:00,0.0200
2025-11-19 09:45:00,0.222
2025-11-19 10:00:00,0.301
2025-11-19 10:15:00,0.316
2025-11-19 10:30:00,0.0171
2025-11-19 10:45:00,0.0612
2025-11-19 11:00:00,-0.018
2025-11-19 11:15:00,0.0396
2025-11-19 11:30:00,-0.016
2025-11-19 11:45:00,0.0180
2025-11-19 12:00:00,0.0270
2025-11-19 12:15:00,0.130
2025-11-19 12:30:00,0.0563
2025-11-19 12:45:00,0.0217
2025-11-19 13:00:00,0.0379
2025-11-19 13:15:00,-0.028
2025-11-19 13:30:00,0.0668
2025-11-19 13:45:00,0.627
2025-11-19 14:00:00,0.576
2025-11-19 14:15:00,0.656
2025-11-19 14:30:00,0.602
2025-11-19 14:45:00,0.502
2025-11-19 15:00:00,0.635
2025-11-19 15:15:00,0.580
2025-11-19 15:30:00,-0.0014
2025-11-19 15:45:00,-0.026
2025-11-19 16:00:00,0.0685
2025-11-19 16:15:00,0.117
2025-11-19 16:30:00,-0.0030
2025-11-19 16:45:00,0.0141
2025-11-19 17:00:00,0.0194
2025-11-19 17:15:00,0.0386
2025-11-19 17:30:00,-0.023
2025-11-19 17:45:00,0.0630
2025-11-19 18:00:00,0.0812
2025-11-19 18:15:00,0.327
2025-11-19 18:30:00,0.251
2025-11-19 18:45:00,0.0175
2025-11-19 19:00:00,-0.020
2025-11-19 19:15:00,-0.085
2025-11-19 19:30:00,-0.40
2025-11-19 19:45:00,-0.43
2025-11-19 20:00:00,-0.35
2025-11-19 20:15:00,-0.28
2025-11-19 20:30:00,-0.44
2025-11-19 20:45:00,-0.43
2025-11-19 21:00:00,-0.45
2025-11-19 21:15:00,-0.43
2025-11-19 21:30:00,-0.44
2025-11-19 21:45:00,-0.44
2025-11-19 22:00:00,-0.38
2025-11-19 22:15:00,-0.33
2025-11-19 22:30:00,-0.40
2025-11-19 22:45:00,-0.35
2025-11-19 23:00:00,-0.28
2025-11-19 23:15:00,-0.30
2025-11-19 23:30:00,-0.29
2025-11-19 23:45:00,-0.29
2025-11-20 00:00:00,-0.26
2025-11-20 00:15:00,-0.16
2025-11-20 00:30:00,-0.27
2025-11-20 00:45:00,-0.29
2025-11-20 01:00:00,-0.30
2025-11-20 01:15:00,-0.29
2025-11-20 01:30:00,-0.30
2025-11-20 01:45:00,-0.31
2025-11-20 02:00:00,-0.27
2025-11-20 02:15:00,-0.19
2025-11-20 02:30:00,-0.25
2025-11-20 02:45:00,-0.30
2025-11-20 03:00:00,-0.29
2025-11-20 03:15:00,-0.28
2025-11-20 03:30:00,-0.30
2025-11-20 03:45:00,-0.28
2025-11-20 04:00:00,-0.30
2025-11-20 04:15:00,-0.17
2025-11-20 04:30:00,-0.29
2025-11-20 04:45:00,-0.30
2025-11-20 05:00:00,-0.29
2025-11-20 05:15:00,-0.31
2025-11-20 05:30:00,-0.0069
2025-11-20 05:45:00,0.0900
2025-11-20 06:00:00,0.140
2025-11-20 06:15:00,0.207
2025-11-20 06:30:00,0.129
2025-11-20 06:45:00,0.105
2025-11-20 07:00:00,0.0900
2025-11-20 07:15:00,0.113
2025-11-20 07:30:00,0.0900
2025-11-20 07:45:00,0.105
2025-11-20 08:00:00,0.0944
2025-11-20 08:15:00,0.200
2025-11-20 08:30:00,0.158
2025-11-20 08:45:00,0.0842
2025-11-20 09:00:00,0.111
2025-11-20 09:15:00,0.0789
2025-11-20 09:30:00,0.0742
2025-11-20 09:45:00,0.0762
2025-11-20 10:00:00,0.0700
2025-11-20 10:15:00,0.202
2025-11-20 10:30:00,0.118
2025-11-20 10:45:00,0.101
2025-11-20 11:00:00,0.0803
2025-11-20 11:15:00,0.0906
2025-11-20 11:30:00,0.0907
2025-11-20 11:45:00,0.0882
2025-11-20 12:00:00,0.110
2025-11-20 12:15:00,0.196
2025-11-20 12:30:00,0.147
2025-11-20 12:45:00,0.0800
2025-11-20 13:00:00,0.0967
2025-11-20 13:15:00,0.0953
2025-11-20 13:30:00,0.0711
2025-11-20 13:45:00,0.103
2025-11-20 14:00:00,0.0735
2025-11-20 14:15:00,0.209
2025-11-20 14:30:00,0.122
2025-11-20 14:45:00,0.0936
2025-11-20 15:00:00,0.0969
2025-11-20 15:15:00,0.0726
2025-11-20 15:30:00,0.0957
2025-11-20 15:45:00,0.0887
2025-11-20 16:00:00,0.126
2025-11-20 16:15:00,0.195
2025-11-20 16:30:00,0.124
2025-11-20 16:45:00,0.105
2025-11-20 17:00:00,0.0865
2025-11-20 17:15:00,0.108
2025-11-20 17:30:00,0.0806
2025-11-20 17:45:00,0.118
2025-11-20 18:00:00,0.128
2025-11-20 18:15:00,0.224
2025-11-20 18:30:00,0.119
2025-11-20 18:45:00,0.0900
2025-11-20 19:00:00,0.116
2025-11-20 19:15:00,-0.049
2025-11-20 19:30:00,-0.26
2025-11-20 19:45:00,-0.29
2025-11-20 20:00:00,-0.19
2025-11-20 20:15:00,-0.17
2025-11-20 20:30:00,-0.27
2025-11-20 20:45:00,-0.27
2025-11-20 21:00:00,-0.29
2025-11-20 21:15:00,-0.27
2025-11-20 21:30:00,-0.29
2025-11-20 21:45:00,-0.27
2025-11-20 22:00:00,-0.24
2025-11-20 22:15:00,-0.18
2025-11-20 22:30:00,-0.27
2025-11-20 22:45:00,-0.29
2025-11-20 23:00:00,-0.27
2025-11-20 23:15:00,-0.29
2025-11-20 23:30:00,-0.28
2025-11-20 23:45:00,-0.30
2025-11-21 00:00:00,-0.20
2025-11-21 00:15:00,-0.20
2025-11-21 00:30:00,-0.30
2025-11-21 00:45:00,-0.28
2025-11-21 01:00:00,-0.30
2025-11-21 01:15:00,-0.27
2025-11-21 01:30:00,-0.30
2025-11-21 01:45:00,-0.28
2025-11-21 02:00:00,-0.21
2025-11-21 02:15:00,-0.24
2025-11-21 02:30:00,-0.28
2025-11-21 02:45:00,-0.30
2025-11-21 03:00:00,-0.27
2025-11-21 03:15:00,-0.30
2025-11-21 03:30:00,-0.27
2025-11-21 03:45:00,-0.29
2025-11-21 04:00:00,-0.17
2025-11-21 04:15:00,-0.21
2025-11-21 04:30:00,-0.29
2025-11-21 04:45:00,-0.27
2025-11-21 05:00:00,-0.29
2025-11-21 05:15:00,-0.27
2025-11-21 05:30:00,-0.093
2025-11-21 05:45:00,0.139
2025-11-21 06:00:00,0.241
2025-11-21 06:15:00,0.147
2025-11-21 06:30:00,0.133
2025-11-21 06:45:00,0.103
2025-11-21 07:00:00,0.134
2025-11-21 07:15:00,0.100
2025-11-21 07:30:00,0.118
2025-11-21 07:45:00,0.148
2025-11-21 08:00:00,0.206
2025-11-21 08:15:00,0.134
2025-11-21 08:30:00,0.0822
2025-11-21 08:45:00,0.107
2025-11-21 09:00:00,0.0871
2025-11-21 09:15:00,0.104
2025-11-21 09:30:00,0.0729
2025-11-21 09:45:00,0.136
2025-11-21 10:00:00,0.213
2025-11-21 10:15:00,0.0900
2025-11-21 10:30:00,0.113
2025-11-21 10:45:00,0.0900
2025-11-21 11:00:00,0.113
2025-11-21 11:15:00,0.0900
2025-11-21 11:30:00,0.112
2025-11-21 11:45:00,0.169
2025-11-21 12:00:00,0.212
2025-11-21 12:15:00,0.115
2025-11-21 12:30:00,0.100
2025-11-21 12:45:00,0.128
2025-11-21 13:00:00,0.0867
2025-11-21 13:15:00,0.0661
2025-11-21 13:30:00,0.205
2025-11-21 13:45:00,0.374
2025-11-21 14:00:00,0.346
2025-11-21 14:15:00,0.0544
2025-11-21 14:30:00,0.0750
2025-11-21 14:45:00,0.0735
2025-11-21 15:00:00,0.0754
2025-11-21 15:15:00,0.0571
2025-11-21 15:30:00,0.0889
2025-11-21 15:45:00,0.169
2025-11-21 16:00:00,0.136
2025-11-21 16:15:00,0.0619
2025-11-21 16:30:00,0.0767
2025-11-21 16:45:00,0.0645
2025-11-21 17:00:00,0.0675
2025-11-21 17:15:00,0.104
2025-11-21 17:30:00,0.0993
2025-11-21 17:45:00,0.218
2025-11-21 18:00:00,0.101
2025-11-21 18:15:00,0.117
2025-11-21 18:30:00,0.0804
2025-11-21 18:45:00,0.128
2025-11-21 19:00:00,0.100
2025-11-21 19:15:00,0.0441
2025-11-21 19:30:00,-0.22
2025-11-21 19:45:00,-0.21
2025-11-21 20:00:00,-0.28
2025-11-21 20:15:00,-0.30
2025-11-21 20:30:00,-0.27
2025-11-21 20:45:00,-0.29
2025-11-21 21:00:00,-0.27
2025-11-21 21:15:00,-0.30
2025-11-21 21:30:00,-0.16
2025-11-21 21:45:00,-0.24
2025-11-21 22:00:00,-0.27
2025-11-21 22:15:00,-0.29
2025-11-21 22:30:00,-0.28
2025-11-21 22:45:00,-0.28
2025-11-21 23:00:00,-0.29
2025-11-21 23:15:00,-0.26
2025-11-21 23:30:00,-0.19
2025-11-21 23:45:00,-0.26
2025-11-22 00:00:00,-0.30
2025-11-22 00:15:00,-0.28
2025-11-22 00:30:00,-0.30
2025-11-22 00:45:00,-0.28
2025-11-22 01:00:00,-0.30
2025-11-22 01:15:00,-0.20
2025-11-22 01:30:00,-0.20
2025-11-22 01:45:00,-0.30
2025-11-22 02:00:00,-0.28
2025-11-22 02:15:00,-0.30
2025-11-22 02:30:00,-0.28
2025-11-22 02:45:00,-0.29
2025-11-22 03:00:00,-0.27
2025-11-22 03:15:00,-0.19
2025-11-22 03:30:00,-0.24
2025-11-22 03:45:00,-0.29
2025-11-22 04:00:00,-0.30
2025-11-22 04:15:00,-0.27
2025-11-22 04:30:00,-0.30
2025-11-22 04:45:00,-0.27
2025-11-22 05:00:00,-0.26
2025-11-22 05:15:00,-0.16
2025-11-22 05:30:00,-0.28
2025-11-22 05:45:00,-0.16
2025-11-22 06:00:00,0.129
2025-11-22 06:15:00,0.117
2025-11-22 06:30:00,0.136
2025-11-22 06:45:00,0.109
2025-11-22 07:00:00,0.211
2025-11-22 07:15:00,0.207
2025-11-22 07:30:00,0.129
2025-11-22 07:45:00,0.101
2025-11-22 08:00:00,0.112
2025-11-22 08:15:00,0.112
2025-11-22 08:30:00,0.100
2025-11-22 08:45:00,0.123
2025-11-22 09:00:00,0.205
2025-11-22 09:15:00,0.158
2025-11-22 09:30:00,0.100
2025-11-22 09:45:00,0.134
2025-11-22 10:00:00,0.100
2025-11-22 10:15:00,0.121
2025-11-22 10:30:00,0.110
2025-11-22 10:45:00,0.160
2025-11-22 11:00:00,0.232
2025-11-22 11:15:00,0.100
2025-11-22 11:30:00,0.134
2025-11-22 11:45:00,0.100
2025-11-22 12:00:00,0.111
2025-11-22 12:15:00,0.107
2025-11-22 12:30:00,0.103
2025-11-22 12:45:00,0.189
2025-11-22 13:00:00,0.156
2025-11-22 13:15:00,0.112
2025-11-22 13:30:00,0.0805
2025-11-22 13:45:00,0.117
2025-11-22 14:00:00,0.0800
2025-11-22 14:15:00,0.111
2025-11-22 14:30:00,0.0956
2025-11-22 14:45:00,0.198
2025-11-22 15:00:00,0.114
2025-11-22 15:15:00,0.0800
2025-11-22 15:30:00,0.100
2025-11-22 15:45:00,0.0773
2025-11-22 16:00:00,0.105
2025-11-22 16:15:00,0.0887
2025-11-22 16:30:00,0.185
2025-11-22 16:45:00,0.189
2025-11-22 17:00:00,0.0852
2025-11-22 17:15:00,0.0956
2025-11-22 17:30:00,0.0753
2025-11-22 17:45:00,0.117
2025-11-22 18:00:00,0.0857
2025-11-22 18:15:00,0.110
2025-11-22 18:30:00,0.199
2025-11-22 18:45:00,0.169
2025-11-22 19:00:00,0.0988
2025-11-22 19:15:00,0.0994
2025-11-22 19:30:00,-0.29
2025-11-22 19:45:00,-0.31
2025-11-22 20:00:00,-0.27
2025-11-22 20:15:00,-0.26
2025-11-22 20:30:00,-0.15
2025-11-22 20:45:00,-0.28
2025-11-22 21:00:00,-0.27
2025-11-22 21:15:00,-0.29
2025-11-22 21:30:00,-0.30
2025-11-22 21:45:00,-0.29
2025-11-22 22:00:00,-0.31
2025-11-22 22:15:00,-0.20
2025-11-22 22:30:00,-0.24
2025-11-22 22:45:00,-0.30
2025-11-22 23:00:00,-0.31
2025-11-22 23:15:00,-0.29
2025-11-22 23:30:00,-0.30
2025-11-22 23:45:00,-0.31
2025-11-23 00:00:00,-0.24
2025-11-23 00:15:00,-0.20
2025-11-23 00:30:00,-0.26
2025-11-23 00:45:00,-0.31
2025-11-23 01:00:00,-0.28
2025-11-23 01:15:00,-0.31
2025-11-23 01:30:00,-0.30
2025-11-23 01:45:00,-0.29
2025-11-23 02:00:00,-0.22
2025-11-23 02:15:00,-0.22
2025-11-23 02:30:00,-0.30
2025-11-23 02:45:00,-0.28
2025-11-23 03:00:00,-0.30
2025-11-23 03:15:00,-0.30
2025-11-23 03:30:00,-0.29
2025-11-23 03:45:00,-0.30
2025-11-23 04:00:00,-0.18
2025-11-23 04:15:00,-0.26
2025-11-23 04:30:00,-0.28
2025-11-23 04:45:00,-0.31
2025-11-23 05:00:00,-0.29
2025-11-23 05:15:00,-0.29
2025-11-23 05:30:00,-0.0038
2025-11-23 05:45:00,0.211
2025-11-23 06:00:00,0.208
2025-11-23 06:15:00,0.130
2025-11-23 06:30:00,0.0939
2025-11-23 06:45:00,0.109
2025-11-23 07:00:00,0.0957
2025-11-23 07:15:00,0.0900
2025-11-23 07:30:00,0.129
2025-11-23 07:45:00,0.202
2025-11-23 08:00:00,0.159
2025-11-23 08:15:00,0.0900
2025-11-23 08:30:00,0.111
2025-11-23 08:45:00,0.0929
2025-11-23 09:00:00,0.0991
2025-11-23 09:15:00,0.113
2025-11-23 09:30:00,0.142
2025-11-23 09:45:00,0.217
2025-11-23 10:00:00,0.0900
2025-11-23 10:15:00,0.115
2025-11-23 10:30:00,0.0858
2025-11-23 10:45:00,0.0937
2025-11-23 11:00:00,0.0967
2025-11-23 11:15:00,0.0800
2025-11-23 11:30:00,0.217
2025-11-23 11:45:00,0.128
2025-11-23 12:00:00,0.0993
2025-11-23 12:15:00,0.0800
2025-11-23 12:30:00,0.0886
2025-11-23 12:45:00,0.104
2025-11-23 13:00:00,0.0819
2025-11-23 13:15:00,0.149
2025-11-23 13:30:00,0.182
2025-11-23 13:45:00,0.108
2025-11-23 14:00:00,0.0800
2025-11-23 14:15:00,0.0920
2025-11-23 14:30:00,0.103
2025-11-23 14:45:00,0.0795
2025-11-23 15:00:00,0.112
2025-11-23 15:15:00,0.175
2025-11-23 15:30:00,0.154
2025-11-23 15:45:00,0.0800
2025-11-23 16:00:00,0.101
2025-11-23 16:15:00,0.0938
2025-11-23 16:30:00,0.0929
2025-11-23 16:45:00,0.109
2025-11-23 17:00:00,0.130
2025-11-23 17:15:00,0.227
2025-11-23 17:30:00,0.0800
2025-11-23 17:45:00,0.0879
2025-11-23 18:00:00,0.0812
2025-11-23 18:15:00,0.0893
2025-11-23 18:30:00,0.103
2025-11-23 18:45:00,0.0900
2025-11-23 19:00:00,0.221
2025-11-23 19:15:00,0.121
2025-11-23 19:30:00,-0.16
2025-11-23 19:45:00,-0.31
2025-11-23 20:00:00,-0.29
2025-11-23 20:15:00,-0.30
2025-11-23 20:30:00,-0.31
2025-11-23 20:45:00,-0.24
2025-11-23 21:00:00,-0.19
2025-11-23 21:15:00,-0.27
2025-11-23 21:30:00,-0.30
2025-11-23 21:45:00,-0.29
2025-11-23 22:00:00,-0.27
2025-11-23 22:15:00,-0.29
2025-11-23 22:30:00,-0.24
2025-11-23 22:45:00,0.0515
2025-11-23 23:00:00,0
2025-11-23 23:15:00,-0.30
2025-11-23 23:30:00,-0.29
2025-11-23 23:45:00,-0.28
2025-11-24 00:00:00,-0.30
2025-11-24 00:15:00,-0.27
2025-11-24 00:30:00,-0.25
2025-11-24 00:45:00,-0.19
2025-11-24 01:00:00,-0.30
2025-11-24 01:15:00,-0.29
2025-11-24 01:30:00,-0.28
2025-11-24 01:45:00,-0.30
2025-11-24 02:00:00,-0.28
2025-11-24 02:15:00,-0.30
2025-11-24 02:30:00,-0.17
2025-11-24 02:45:00,-0.26
2025-11-24 03:00:00,-0.30
2025-11-24 03:15:00,-0.15
2025-11-24 03:30:00,-0.060
2025-11-24 03:45:00,-0.060
2025-11-24 04:00:00,-0.30
2025-11-24 04:15:00,-0.23
2025-11-24 04:30:00,-0.20
2025-11-24 04:45:00,-0.30
2025-11-24 05:00:00,-0.28
2025-11-24 05:15:00,-0.30
2025-11-24 05:30:00,0.0874
2025-11-24 05:45:00,0.117
2025-11-24 06:00:00,0.124
2025-11-24 06:15:00,0.225
2025-11-24 06:30:00,0.145
2025-11-24 06:45:00,0.130
2025-11-24 07:00:00,0.0986
2025-11-24 07:15:00,0.117
2025-11-24 07:30:00,0.0970
2025-11-24 07:45:00,0.0857
2025-11-24 08:00:00,0.167
2025-11-24 08:15:00,0.187
2025-11-24 08:30:00,0.112
2025-11-24 08:45:00,0.0700
2025-11-24 09:00:00,0.0617
2025-11-24 09:15:00,0.0596
2025-11-24 09:30:00,0.0521
2025-11-24 09:45:00,0.0905
2025-11-24 10:00:00,0.178
2025-11-24 10:15:00,0.135
2025-11-24 10:30:00,0.0670
2025-11-24 10:45:00,0.0867
2025-11-24 11:00:00,0.0753
2025-11-24 11:15:00,0.0567
2025-11-24 11:30:00,0.0878
2025-11-24 11:45:00,0.124
2025-11-24 12:00:00,0.145
2025-11-24 12:15:00,0.0221
2025-11-24 12:30:00,0.0114
2025-11-24 12:45:00,0.132
2025-11-24 13:00:00,0.111
2025-11-24 13:15:00,0.335
2025-11-24 13:30:00,0.793
2025-11-24 13:45:00,0.986
2025-11-24 14:00:00,0.604
2025-11-24 14:15:00,0.135
2025-11-24 14:30:00,0.107
2025-11-24 14:45:00,0.105
2025-11-24 15:00:00,0.108
2025-11-24 15:15:00,0.0805
2025-11-24 15:30:00,0.0852
2025-11-24 15:45:00,0.212
2025-11-24 16:00:00,0.116
2025-11-24 16:15:00,0.135
2025-11-24 16:30:00,0.0746
2025-11-24 16:45:00,0.106
2025-11-24 17:00:00,0.105
2025-11-24 17:15:00,0.0505
2025-11-24 17:30:00,0.205
2025-11-24 17:45:00,0.0781
2025-11-24 18:00:00,0.0319
2025-11-24 18:15:00,0.0620
2025-11-24 18:30:00,0.0772
2025-11-24 18:45:00,0.399
2025-11-24 19:00:00,0.729
2025-11-24 19:15:00,0.703
2025-11-24 19:30:00,0.516
2025-11-24 19:45:00,0.358
2025-11-24 20:00:00,0.439
2025-11-24 20:15:00,0.467
2025-11-24 20:30:00,-0.081
2025-11-24 20:45:00,-0.43
2025-11-24 21:00:00,-0.41
2025-11-24 21:15:00,-0.32
2025-11-24 21:30:00,-0.37
2025-11-24 21:45:00,-0.43
2025-11-24 22:00:00,-0.43
2025-11-24 22:15:00,-0.41
2025-11-24 22:30:00,-0.40
2025-11-24 22:45:00,-0.27
2025-11-24 23:00:00,-0.26
2025-11-24 23:15:00,-0.18
2025-11-24 23:30:00,-0.29
2025-11-24 23:45:00,-0.28
2025-11-25 00:00:00,-0.27
2025-11-25 00:15:00,-0.29
2025-11-25 00:30:00,-0.27
2025-11-25 00:45:00,-0.28
2025-11-25 01:00:00,-0.15
2025-11-25 01:15:00,-0.26
2025-11-25 01:30:00,-0.28
2025-11-25 01:45:00,-0.28
2025-11-25 02:00:00,-0.29
2025-11-25 02:15:00,-0.26
2025-11-25 02:30:00,-0.29
2025-11-25 02:45:00,-0.20
2025-11-25 03:00:00,-0.20
2025-11-25 03:15:00,-0.29
2025-11-25 03:30:00,-0.27
2025-11-25 03:45:00,-0.29
2025-11-25 04:00:00,-0.27
2025-11-25 04:15:00,-0.29
2025-11-25 04:30:00,-0.26
2025-11-25 04:45:00,0.0262
2025-11-25 05:00:00,-0.044
2025-11-25 05:15:00,-0.063
2025-11-25 05:30:00,0.0641
2025-11-25 05:45:00,0.145
2025-11-25 06:00:00,0.113
2025-11-25 06:15:00,0.128
2025-11-25 06:30:00,0.192
2025-11-25 06:45:00,0.170
2025-11-25 07:00:00,0.123
2025-11-25 07:15:00,0.0916
2025-11-25 07:30:00,0.111
2025-11-25 07:45:00,0.0697
2025-11-25 08:00:00,0.301
2025-11-25 08:15:00,0.340
2025-11-25 08:30:00,0.209
2025-11-25 08:45:00,0.106
2025-11-25 09:00:00,0.0698
2025-11-25 09:15:00,0.103
2025-11-25 09:30:00,0.0720
2025-11-25 09:45:00,0.0937
2025-11-25 10:00:00,0.0587
2025-11-25 10:15:00,0.152
2025-11-25 10:30:00,0.143
2025-11-25 10:45:00,0.0478
2025-11-25 11:00:00,0.0631
2025-11-25 11:15:00,0.251
2025-11-25 11:30:00,0.315
2025-11-25 11:45:00,0.189
2025-11-25 12:00:00,0.0792
2025-11-25 12:15:00,0.233
2025-11-25 12:30:00,0.0997
2025-11-25 12:45:00,0.0958
2025-11-25 13:00:00,0.0495
2025-11-25 13:15:00,0.0121
2025-11-25 13:30:00,-0.038
2025-11-25 13:45:00,-0.00077
2025-11-25 14:00:00,0.0934
2025-11-25 14:15:00,-0.017
2025-11-25 14:30:00,-0.050
2025-11-25 14:45:00,-0.063
2025-11-25 15:00:00,-0.056
2025-11-25 15:15:00,-0.13
2025-11-25 15:30:00,-0.097
2025-11-25 15:45:00,0.170
2025-11-25 16:00:00,0.124
2025-11-25 16:15:00,0.149
2025-11-25 16:30:00,0.0634
2025-11-25 16:45:00,0.0384
2025-11-25 17:00:00,0.00139
2025-11-25 17:15:00,0.0651
2025-11-25 17:30:00,0.156
2025-11-25 17:45:00,0.0991
2025-11-25 18:00:00,0.366
2025-11-25 18:15:00,0.329
2025-11-25 18:30:00,0.416
2025-11-25 18:45:00,0.744
2025-11-25 19:00:00,0.682
2025-11-25 19:15:00,0.755
2025-11-25 19:30:00,0.382
2025-11-25 19:45:00,0.359
2025-11-25 20:00:00,0.327
2025-11-25 20:15:00,0.404
2025-11-25 20:30:00,0.371
2025-11-25 20:45:00,-0.42
2025-11-25 21:00:00,-0.43
2025-11-25 21:15:00,-0.36
2025-11-25 21:30:00,-0.43
2025-11-25 21:45:00,-0.47
2025-11-25 22:00:00,-0.41
2025-11-25 22:15:00,-0.39
2025-11-25 22:30:00,-0.29
2025-11-25 22:45:00,-0.31
2025-11-25 23:00:00,-0.19
2025-11-25 23:15:00,-0.25
2025-11-25 23:30:00,-0.32
2025-11-25 23:45:00,-0.29
2025-11-26 00:00:00,-0.32
2025-11-26 00:15:00,-0.29
2025-11-26 00:30:00,-0.32
2025-11-26 00:45:00,-0.23
2025-11-26 01:00:00,-0.23
2025-11-26 01:15:00,-0.30
2025-11-26 01:30:00,-0.30
2025-11-26 01:45:00,-0.32
2025-11-26 02:00:00,-0.29
2025-11-26 02:15:00,-0.32
2025-11-26 02:30:00,-0.24
2025-11-26 02:45:00,-0.21
2025-11-26 03:00:00,-0.29
2025-11-26 03:15:00,-0.31
2025-11-26 03:30:00,-0.31
2025-11-26 03:45:00,-0.29
2025-11-26 04:00:00,-0.31
2025-11-26 04:15:00,-0.29
2025-11-26 04:30:00,-0.20
2025-11-26 04:45:00,-0.24
2025-11-26 05:00:00,-0.32
2025-11-26 05:15:00,-0.30
2025-11-26 05:30:00,0.0242
2025-11-26 05:45:00,0.100
2025-11-26 06:00:00,0.117
2025-11-26 06:15:00,0.175
2025-11-26 06:30:00,0.213
2025-11-26 06:45:00,0.0900
2025-11-26 07:00:00,0.110
2025-11-26 07:15:00,0.0932
2025-11-26 07:30:00,0.100
2025-11-26 07:45:00,0.116
2025-11-26 08:00:00,0.107
2025-11-26 08:15:00,0.225
2025-11-26 08:30:00,0.0903
2025-11-26 08:45:00,0.101
2025-11-26 09:00:00,0.0645
2025-11-26 09:15:00,0.0849
2025-11-26 09:30:00,0.273
2025-11-26 09:45:00,0.342
2025-11-26 10:00:00,0.410
2025-11-26 10:15:00,0.0938
2025-11-26 10:30:00,0.0250
2025-11-26 10:45:00,0.0781
2025-11-26 11:00:00,0.118
2025-11-26 11:15:00,0.0968
2025-11-26 11:30:00,0.0348
2025-11-26 11:45:00,0.187
2025-11-26 12:00:00,0.182
2025-11-26 12:15:00,0.121
2025-11-26 12:30:00,-0.017
2025-11-26 12:45:00,2.04e-19
2025-11-26 13:00:00,-0.035
2025-11-26 13:15:00,-0.025
2025-11-26 13:30:00,0.0362
2025-11-26 13:45:00,0.00136
2025-11-26 14:00:00,-0.042
2025-11-26 14:15:00,-0.040
2025-11-26 14:30:00,-0.053
2025-11-26 14:45:00,-0.084
2025-11-26 15:00:00,-0.021
2025-11-26 15:15:00,-0.0096
2025-11-26 15:30:00,0.0458
2025-11-26 15:45:00,-0.14
2025-11-26 16:00:00,-0.00053
2025-11-26 16:15:00,0.0157
2025-11-26 16:30:00,-0.019
2025-11-26 16:45:00,0.00905
2025-11-26 17:00:00,0.0304
2025-11-26 17:15:00,0.0365
2025-11-26 17:30:00,-0.084
2025-11-26 17:45:00,-0.00077
2025-11-26 18:00:00,0.0327
2025-11-26 18:15:00,0.0322
2025-11-26 18:30:00,-0.011
2025-11-26 18:45:00,0.0992
2025-11-26 19:00:00,0.112
2025-11-26 19:15:00,0.113
2025-11-26 19:30:00,-0.0050
2025-11-26 19:45:00,-0.24
2025-11-26 20:00:00,-0.35
2025-11-26 20:15:00,-0.37
2025-11-26 20:30:00,-0.28
2025-11-26 20:45:00,-0.30
2025-11-26 21:00:00,-0.44
2025-11-26 21:15:00,-0.38
2025-11-26 21:30:00,-0.39
2025-11-26 21:45:00,-0.37
2025-11-26 22:00:00,-0.39
2025-11-26 22:15:00,-0.29
2025-11-26 22:30:00,-0.24
2025-11-26 22:45:00,-0.30
2025-11-26 23:00:00,-0.37
2025-11-26 23:15:00,-0.35
2025-11-26 23:30:00,-0.36
2025-11-26 23:45:00,-0.34
2025-11-27 00:00:00,-0.29
2025-11-27 00:15:00,-0.26
2025-11-27 00:30:00,-0.33
2025-11-27 00:45:00,-0.36
2025-11-27 01:00:00,-0.33
2025-11-27 01:15:00,-0.36
2025-11-27 01:30:00,-0.34
2025-11-27 01:45:00,-0.30
2025-11-27 02:00:00,-0.22
2025-11-27 02:15:00,-0.33
2025-11-27 02:30:00,-0.36
2025-11-27 02:45:00,-0.33
2025-11-27 03:00:00,-0.36
2025-11-27 03:15:00,-0.33
2025-11-27 03:30:00,-0.34
2025-11-27 03:45:00,-0.23
2025-11-27 04:00:00,-0.33
2025-11-27 04:15:00,-0.35
2025-11-27 04:30:00,-0.35
2025-11-27 04:45:00,-0.36
2025-11-27 05:00:00,-0.33
2025-11-27 05:15:00,-0.35
2025-11-27 05:30:00,0.164
2025-11-27 05:45:00,0.0900
2025-11-27 06:00:00,0.0735
2025-11-27 06:15:00,0.0400
2025-11-27 06:30:00,0.0525
2025-11-27 06:45:00,0.0497
2025-11-27 07:00:00,0.0320
2025-11-27 07:15:00,0.150
2025-11-27 07:30:00,0.0812
2025-11-27 07:45:00,0.0382
2025-11-27 08:00:00,0.00185
2025-11-27 08:15:00,0.0292
2025-11-27 08:30:00,0.0777
2025-11-27 08:45:00,0.210
2025-11-27 09:00:00,0.307
2025-11-27 09:15:00,0.0821
2025-11-27 09:30:00,0.0203
2025-11-27 09:45:00,0.000385
2025-11-27 10:00:00,0.00750
2025-11-27 10:15:00,0.0834
2025-11-27 10:30:00,0.0738
2025-11-27 10:45:00,0.0297
2025-11-27 11:00:00,0.0928
2025-11-27 11:15:00,0.0823
2025-11-27 11:30:00,0.0586
2025-11-27 11:45:00,0.0200
2025-11-27 12:00:00,-0.036
2025-11-27 12:15:00,-0.0095
2025-11-27 12:30:00,0.0449
2025-11-27 12:45:00,0.0693
2025-11-27 13:00:00,0.0475
2025-11-27 13:15:00,-0.032
2025-11-27 13:30:00,0.0332
2025-11-27 13:45:00,-0.021
2025-11-27 14:00:00,-0.023
2025-11-27 14:15:00,0.0575
2025-11-27 14:30:00,0.165
2025-11-27 14:45:00,0.0264
2025-11-27 15:00:00,-0.0058
2025-11-27 15:15:00,-0.019
2025-11-27 15:30:00,0.0485
2025-11-27 15:45:00,0.0282
2025-11-27 16:00:00,-0.016
2025-11-27 16:15:00,0.101
2025-11-27 16:30:00,-0.035
2025-11-27 16:45:00,-0.020
2025-11-27 17:00:00,-0.10
2025-11-27 17:15:00,-0.13
2025-11-27 17:30:00,-0.080
2025-11-27 17:45:00,-0.0097
2025-11-27 18:00:00,0.0543
2025-11-27 18:15:00,0.0139
2025-11-27 18:30:00,0.346
2025-11-27 18:45:00,0.748
2025-11-27 19:00:00,0.965
2025-11-27 19:15:00,0.892
2025-11-27 19:30:00,0.317
2025-11-27 19:45:00,0.328
2025-11-27 20:00:00,0.256
2025-11-27 20:15:00,0.273
2025-11-27 20:30:00,0.279
2025-11-27 20:45:00,0.328
2025-11-27 21:00:00,0.319
2025-11-27 21:15:00,0.395
2025-11-27 21:30:00,0.166
2025-11-27 21:45:00,-0.38
2025-11-27 22:00:00,-0.38
2025-11-27 22:15:00,-0.39
2025-11-27 22:30:00,-0.31
2025-11-27 22:45:00,-0.33
2025-11-27 23:00:00,-0.24
2025-11-27 23:15:00,-0.22
2025-11-27 23:30:00,-0.30
2025-11-27 23:45:00,-0.32
2025-11-28 00:00:00,-0.31
2025-11-28 00:15:00,-0.29
2025-11-28 00:30:00,-0.32
2025-11-28 00:45:00,-0.23
2025-11-28 01:00:00,-0.23
2025-11-28 01:15:00,-0.29
2025-11-28 01:30:00,-0.32
2025-11-28 01:45:00,-0.31
2025-11-28 02:00:00,-0.31
2025-11-28 02:15:00,-0.32
2025-11-28 02:30:00,-0.21
2025-11-28 02:45:00,-0.22
2025-11-28 03:00:00,-0.29
2025-11-28 03:15:00,-0.32
2025-11-28 03:30:00,-0.29
2025-11-28 03:45:00,-0.32
2025-11-28 04:00:00,-0.31
2025-11-28 04:15:00,-0.24
2025-11-28 04:30:00,-0.23
2025-11-28 04:45:00,-0.30
2025-11-28 05:00:00,-0.32
2025-11-28 05:15:00,-0.30
2025-11-28 05:30:00,0.0297
2025-11-28 05:45:00,0.120
2025-11-28 06:00:00,0.176
2025-11-28 06:15:00,0.184
2025-11-28 06:30:00,0.103
2025-11-28 06:45:00,0.0892
2025-11-28 07:00:00,0.113
2025-11-28 07:15:00,0.0756
2025-11-28 07:30:00,0.0983
2025-11-28 07:45:00,0.139
2025-11-28 08:00:00,0.158
2025-11-28 08:15:00,0.00950
2025-11-28 08:30:00,0.0275
2025-11-28 08:45:00,0.0120
2025-11-28 09:00:00,0.0223
2025-11-28 09:15:00,0.0220
2025-11-28 09:30:00,0.0810
2025-11-28 09:45:00,0.0558
2025-11-28 10:00:00,-0.012
2025-11-28 10:15:00,0.0106
2025-11-28 10:30:00,-0.059
2025-11-28 10:45:00,0.0673
2025-11-28 11:00:00,0.162
2025-11-28 11:15:00,0.199
2025-11-28 11:30:00,0.0745
2025-11-28 11:45:00,0.0759
2025-11-28 12:00:00,0.0905
2025-11-28 12:15:00,0.0493
2025-11-28 12:30:00,0.0522
2025-11-28 12:45:00,0.0221
2025-11-28 13:00:00,0.149
2025-11-28 13:15:00,0.0380
2025-11-28 13:30:00,-0.0062
2025-11-28 13:45:00,-0.017
2025-11-28 14:00:00,0.0367
2025-11-28 14:15:00,0.0452
2025-11-28 14:30:00,0.0356
2025-11-28 14:45:00,0.138
2025-11-28 15:00:00,0.135
2025-11-28 15:15:00,0.0954
2025-11-28 15:30:00,0.0429
2025-11-28 15:45:00,0.0833
2025-11-28 16:00:00,0.0342
2025-11-28 16:15:00,0.0695
2025-11-28 16:30:00,0.150
2025-11-28 16:45:00,0.107
2025-11-28 17:00:00,0.0421
2025-11-28 17:15:00,0.0653
2025-11-28 17:30:00,0.0540
2025-11-28 17:45:00,0.101
2025-11-28 18:00:00,0.0992
2025-11-28 18:15:00,0.199
2025-11-28 18:30:00,0.127
2025-11-28 18:45:00,0.0775
2025-11-28 19:00:00,0.102
2025-11-28 19:15:00,0.0515
2025-11-28 19:30:00,-0.28
2025-11-28 19:45:00,-0.12
2025-11-28 20:00:00,0.0200
2025-11-28 20:15:00,-0.34
2025-11-28 20:30:00,-0.38
2025-11-28 20:45:00,-0.37
2025-11-28 21:00:00,-0.40
2025-11-28 21:15:00,-0.38
2025-11-28 21:30:00,-0.34
2025-11-28 21:45:00,-0.26
2025-11-28 22:00:00,-0.39
2025-11-28 22:15:00,-0.29
2025-11-28 22:30:00,-0.32
2025-11-28 22:45:00,-0.30
2025-11-28 23:00:00,-0.29
2025-11-28 23:15:00,-0.25
2025-11-28 23:30:00,-0.19
2025-11-28 23:45:00,-0.32
2025-11-29 00:00:00,-0.29
2025-11-29 00:15:00,-0.32
2025-11-29 00:30:00,-0.29
2025-11-29 00:45:00,-0.32
2025-11-29 01:00:00,-0.24
2025-11-29 01:15:00,-0.20
2025-11-29 01:30:00,-0.32
2025-11-29 01:45:00,-0.28
2025-11-29 02:00:00,-0.32
2025-11-29 02:15:00,-0.28
2025-11-29 02:30:00,-0.32
2025-11-29 02:45:00,-0.21
2025-11-29 03:00:00,-0.23
2025-11-29 03:15:00,-0.30
2025-11-29 03:30:00,-0.31
2025-11-29 03:45:00,-0.32
2025-11-29 04:00:00,-0.29
2025-11-29 04:15:00,-0.32
2025-11-29 04:30:00,-0.21
2025-11-29 04:45:00,-0.22
2025-11-29 05:00:00,-0.29
2025-11-29 05:15:00,-0.32
2025-11-29 05:30:00,0.0858
2025-11-29 05:45:00,0.0850
2025-11-29 06:00:00,0.107
2025-11-29 06:15:00,0.183
2025-11-29 06:30:00,0.178
2025-11-29 06:45:00,0.108
2025-11-29 07:00:00,0.0868
2025-11-29 07:15:00,0.0981
2025-11-29 07:30:00,0.0780
2025-11-29 07:45:00,0.112
2025-11-29 08:00:00,0.183
2025-11-29 08:15:00,0.190
2025-11-29 08:30:00,0.0885
2025-11-29 08:45:00,0.116
2025-11-29 09:00:00,0.0848
2025-11-29 09:15:00,0.0960
2025-11-29 09:30:00,0.0961
2025-11-29 09:45:00,0.189
2025-11-29 10:00:00,0.162
2025-11-29 10:15:00,0.0754
2025-11-29 10:30:00,0.109
2025-11-29 10:45:00,0.0732
2025-11-29 11:00:00,0.104
2025-11-29 11:15:00,0.0864
2025-11-29 11:30:00,0.216
2025-11-29 11:45:00,0.138
2025-11-29 12:00:00,0.0878
2025-11-29 12:15:00,0.0979
2025-11-29 12:30:00,0.0784
2025-11-29 12:45:00,0.106
2025-11-29 13:00:00,0.0980
2025-11-29 13:15:00,0.212
2025-11-29 13:30:00,0.0954
2025-11-29 13:45:00,0.0900
2025-11-29 14:00:00,0.0700
2025-11-29 14:15:00,0.0969
2025-11-29 14:30:00,0.0188
2025-11-29 14:45:00,0.0555
2025-11-29 15:00:00,0.133
2025-11-29 15:15:00,0.0250
2025-11-29 15:30:00,0.0232
2025-11-29 15:45:00,-0.0020
2025-11-29 16:00:00,0.0150
2025-11-29 16:15:00,-0.0010
2025-11-29 16:30:00,0.0878
2025-11-29 16:45:00,0.0847
2025-11-29 17:00:00,0.00400
2025-11-29 17:15:00,0.0118
2025-11-29 17:30:00,0.0431
2025-11-29 17:45:00,0.0925
2025-11-29 18:00:00,0.0620
2025-11-29 18:15:00,0.180
2025-11-29 18:30:00,0.145
2025-11-29 18:45:00,0.0771
2025-11-29 19:00:00,0.0535
2025-11-29 19:15:00,0.0538
2025-11-29 19:30:00,-0.29
2025-11-29 19:45:00,-0.35
2025-11-29 20:00:00,-0.22
2025-11-29 20:15:00,-0.26
2025-11-29 20:30:00,-0.32
2025-11-29 20:45:00,-0.34
2025-11-29 21:00:00,-0.33
2025-11-29 21:15:00,-0.32
2025-11-29 21:30:00,-0.34
2025-11-29 21:45:00,-0.22
2025-11-29 22:00:00,-0.26
2025-11-29 22:15:00,-0.30
2025-11-29 22:30:00,-0.34
2025-11-29 22:45:00,-0.31
2025-11-29 23:00:00,-0.34
2025-11-29 23:15:00,-0.33
2025-11-29 23:30:00,-0.22
2025-11-29 23:45:00,-0.26
2025-11-30 00:00:00,-0.30
2025-11-30 00:15:00,-0.34
2025-11-30 00:30:00,-0.31
2025-11-30 00:45:00,-0.33
2025-11-30 01:00:00,-0.33
2025-11-30 01:15:00,-0.23
2025-11-30 01:30:00,-0.26
2025-11-30 01:45:00,-0.30
2025-11-30 02:00:00,-0.34
2025-11-30 02:15:00,-0.31
2025-11-30 02:30:00,-0.35
2025-11-30 02:45:00,-0.32
2025-11-30 03:00:00,-0.25
2025-11-30 03:15:00,-0.26
2025-11-30 03:30:00,-0.32
2025-11-30 03:45:00,-0.35
2025-11-30 04:00:00,-0.32
2025-11-30 04:15:00,-0.35
2025-11-30 04:30:00,-0.31
2025-11-30 04:45:00,-0.26
2025-11-30 05:00:00,-0.23
2025-11-30 05:15:00,-0.33
2025-11-30 05:30:00,0.0705
2025-11-30 05:45:00,0.0614
2025-11-30 06:00:00,0.0600
2025-11-30 06:15:00,0.0655
2025-11-30 06:30:00,0.157
2025-11-30 06:45:00,0.163
2025-11-30 07:00:00,0.0850
2025-11-30 07:15:00,0.121
2025-11-30 07:30:00,0.0925
2025-11-30 07:45:00,0.119
2025-11-30 08:00:00,0.0971
2025-11-30 08:15:00,0.206
2025-11-30 08:30:00,0.187
2025-11-30 08:45:00,0.107
2025-11-30 09:00:00,0.0800
2025-11-30 09:15:00,0.0958
2025-11-30 09:30:00,0.0881
2025-11-30 09:45:00,0.0933
2025-11-30 10:00:00,0.157
2025-11-30 10:15:00,0.170
2025-11-30 10:30:00,0.329
2025-11-30 10:45:00,0.309
2025-11-30 11:00:00,0.166
2025-11-30 11:15:00,0.0300
2025-11-30 11:30:00,0.0604
2025-11-30 11:45:00,0.121
2025-11-30 12:00:00,0.165
2025-11-30 12:15:00,0.0615
2025-11-30 12:30:00,0.0543
2025-11-30 12:45:00,0.0675
2025-11-30 13:00:00,0.0553
2025-11-30 13:15:00,0.0833
2025-11-30 13:30:00,0.125
2025-11-30 13:45:00,0.173
2025-11-30 14:00:00,0.0405
2025-11-30 14:15:00,0.0692
2025-11-30 14:30:00,0.0400
2025-11-30 14:45:00,0.0700
2025-11-30 15:00:00,0.0400
2025-11-30 15:15:00,0.127
2025-11-30 15:30:00,0.150
2025-11-30 15:45:00,0.0529
2025-11-30 16:00:00,0.0594
2025-11-30 16:15:00,0.0475
2025-11-30 16:30:00,0.0625
2025-11-30 16:45:00,0.0396
2025-11-30 17:00:00,0.138
2025-11-30 17:15:00,0.150
2025-11-30 17:30:00,0.0752
2025-11-30 17:45:00,0.0508
2025-11-30 18:00:00,0.0761
2025-11-30 18:15:00,0.0500
2025-11-30 18:30:00,0.0704
2025-11-30 18:45:00,0.131
2025-11-30 19:00:00,0.0719
2025-11-30 19:15:00,-0.33
2025-11-30 19:30:00,-0.35
2025-11-30 19:45:00,-0.32
2025-11-30 20:00:00,-0.35
2025-11-30 20:15:00,-0.32
2025-11-30 20:30:00,-0.26
2025-11-30 20:45:00,-0.21
2025-11-30 21:00:00,-0.35
2025-11-30 21:15:00,-0.32
2025-11-30 21:30:00,-0.35
2025-11-30 21:45:00,-0.33
2025-11-30 22:00:00,-0.33
2025-11-30 22:15:00,-0.26
2025-11-30 22:30:00,-0.21
2025-11-30 22:45:00,-0.35
2025-11-30 23:00:00,-0.31
2025-11-30 23:15:00,-0.34
2025-11-30 23:30:00,-0.32
2025-11-30 23:45:00,-0.34

